#time	V(in1)	V(in2)	I(R3)
0.000000000000000e+00	-3.089514e+00	-6.908532e-01	-2.398660e-03
3.954079056061539e-09	-3.089514e+00	-6.908532e-01	-2.398661e-03
7.908158112123078e-09	-3.089514e+00	-6.908532e-01	-2.398661e-03
1.186223716818462e-08	-3.089514e+00	-6.908532e-01	-2.398661e-03
1.581631622424616e-08	-3.089514e+00	-6.908532e-01	-2.398661e-03
1.977039528030769e-08	-3.089513e+00	-6.908532e-01	-2.398660e-03
2.372447433636923e-08	-3.089513e+00	-6.908532e-01	-2.398659e-03
2.767855339243076e-08	-3.089512e+00	-6.908532e-01	-2.398659e-03
1.624331664277858e-07	-3.089347e+00	-6.908507e-01	-2.398496e-03
2.971877794631409e-07	-3.089032e+00	-6.908460e-01	-2.398186e-03
4.319423924984960e-07	-3.088567e+00	-6.908389e-01	-2.397729e-03
5.666970055338510e-07	-3.087953e+00	-6.908297e-01	-2.397124e-03
7.014516185692062e-07	-3.087189e+00	-6.908181e-01	-2.396371e-03
8.362062316045612e-07	-3.086275e+00	-6.908043e-01	-2.395471e-03
9.709608446399160e-07	-3.085211e+00	-6.907881e-01	-2.394423e-03
1.894175523980588e-06	-3.074978e+00	-6.906326e-01	-2.384346e-03
3.083037363098285e-06	-3.056046e+00	-6.903440e-01	-2.365702e-03
3.492388960136285e-06	-3.048003e+00	-6.902208e-01	-2.357782e-03
3.745284274521520e-06	-3.042759e+00	-6.901401e-01	-2.352619e-03
4.036676868231962e-06	-3.037066e+00	-6.900524e-01	-2.347014e-03
4.355574757519934e-06	-3.031286e+00	-6.899631e-01	-2.341323e-03
4.751865657209724e-06	-3.024579e+00	-6.898592e-01	-2.334720e-03
4.983052991187835e-06	-3.020855e+00	-6.898015e-01	-2.331054e-03
5.597107926366736e-06	-3.011340e+00	-6.896534e-01	-2.321687e-03
6.494399122719618e-06	-2.997800e+00	-6.894417e-01	-2.308359e-03
8.134300735774806e-06	-2.973537e+00	-6.890595e-01	-2.284477e-03
9.700047999366611e-06	-2.950667e+00	-6.886959e-01	-2.261971e-03
1.126579526295841e-05	-2.927818e+00	-6.883291e-01	-2.239489e-03
1.283154252655022e-05	-2.904991e+00	-6.879589e-01	-2.217032e-03
1.439728979014203e-05	-2.882185e+00	-6.875855e-01	-2.194599e-03
1.596303705373383e-05	-2.859400e+00	-6.872088e-01	-2.172191e-03
1.752878431732563e-05	-2.836637e+00	-6.868288e-01	-2.149808e-03
1.909453158091743e-05	-2.813895e+00	-6.864455e-01	-2.127450e-03
3.524269006306031e-05	-2.579047e+00	-6.831514e-01	-1.895896e-03
5.139084854520319e-05	-2.344208e+00	-6.785808e-01	-1.665627e-03
6.753900702734606e-05	-2.109377e+00	-6.727336e-01	-1.436643e-03
8.368716550948894e-05	-1.874554e+00	-6.656099e-01	-1.208944e-03
9.983532399163182e-05	-1.639739e+00	-6.572095e-01	-9.825295e-04
1.159834824737747e-04	-1.404933e+00	-6.475326e-01	-7.573999e-04
1.321316409559175e-04	-1.170134e+00	-6.365792e-01	-5.335551e-04
1.357588730987747e-04	-1.117398e+00	-6.334395e-01	-4.839587e-04
1.393861052416318e-04	-1.064668e+00	-6.296777e-01	-4.349901e-04
1.430133373844890e-04	-1.011943e+00	-6.252937e-01	-3.866494e-04
1.466405695273461e-04	-9.592239e-01	-6.202875e-01	-3.389364e-04
1.502678016702033e-04	-9.065105e-01	-6.146592e-01	-2.918513e-04
1.538950338130604e-04	-8.538026e-01	-6.084087e-01	-2.453939e-04
1.575222659559176e-04	-8.011004e-01	-6.015360e-01	-1.995644e-04
1.614285159559176e-04	-7.443638e-01	-5.919230e-01	-1.524407e-04
1.633816409559176e-04	-7.160026e-01	-5.861796e-01	-1.298230e-04
1.653347659559176e-04	-6.876466e-01	-5.795990e-01	-1.080476e-04
1.672878909559176e-04	-6.592950e-01	-5.719507e-01	-8.734431e-05
1.692410159559176e-04	-6.309452e-01	-5.629220e-01	-6.802322e-05
1.711941409559176e-04	-6.025909e-01	-5.520980e-01	-5.049288e-05
1.731472659559176e-04	-5.742201e-01	-5.389656e-01	-3.525443e-05
1.751003909559176e-04	-5.458166e-01	-5.229920e-01	-2.282463e-05
1.770535159559176e-04	-5.173714e-01	-5.038276e-01	-1.354374e-05
1.790066409559176e-04	-4.888967e-01	-4.815601e-01	-7.336580e-06
1.809597659559176e-04	-4.604223e-01	-4.567733e-01	-3.649074e-06
1.829128909559176e-04	-4.319711e-01	-4.302903e-01	-1.680726e-06
1.848660159559176e-04	-4.035467e-01	-4.028361e-01	-7.106191e-07
1.868191409559176e-04	-3.751429e-01	-3.748868e-01	-2.560278e-07
1.887722659559176e-04	-3.467527e-01	-3.467033e-01	-4.941643e-08
1.907253909559176e-04	-3.183722e-01	-3.184145e-01	4.227907e-08
1.926785159559176e-04	-2.900002e-01	-2.900819e-01	8.166389e-08
1.946316409559176e-04	-2.616370e-01	-2.617344e-01	9.742231e-08
1.965847659559176e-04	-2.332847e-01	-2.333872e-01	1.025391e-07
1.993828464002535e-04	-1.926882e-01	-1.927918e-01	1.036255e-07
1.994057345838473e-04	-1.923296e-01	-1.924404e-01	1.107825e-07
1.994312605045232e-04	-1.919265e-01	-1.920383e-01	1.118158e-07
1.995677172447733e-04	-1.899026e-01	-1.900035e-01	1.009114e-07
1.996989268673016e-04	-1.881257e-01	-1.882190e-01	9.324774e-08
1.998345491067485e-04	-1.863604e-01	-1.864506e-01	9.024459e-08
1.999803064002979e-04	-1.844641e-01	-1.845564e-01	9.231926e-08
2.001242144500088e-04	-1.825106e-01	-1.826078e-01	9.718496e-08
2.002977786627098e-04	-1.800199e-01	-1.801226e-01	1.027014e-07
2.004969196991484e-04	-1.770493e-01	-1.771550e-01	1.056813e-07
2.011178056012103e-04	-1.678678e-01	-1.679677e-01	9.990247e-08
2.018043845865429e-04	-1.578925e-01	-1.579923e-01	9.974273e-08
2.024909635718755e-04	-1.479065e-01	-1.480059e-01	9.943349e-08
2.031775425572081e-04	-1.379097e-01	-1.380087e-01	9.897476e-08
2.038641215425408e-04	-1.279022e-01	-1.280005e-01	9.836655e-08
2.045507005278734e-04	-1.178839e-01	-1.179815e-01	9.760884e-08
2.052372795132060e-04	-1.078549e-01	-1.079516e-01	9.670165e-08
2.059238584985386e-04	-9.781513e-02	-9.791077e-02	9.564496e-08
2.101091263556814e-04	-3.679292e-02	-3.688461e-02	9.169425e-08
2.142943942128243e-04	2.420542e-02	2.411726e-02	8.815880e-08
2.184796620699671e-04	8.517990e-02	8.509486e-02	8.503863e-08
2.226649299271100e-04	1.461305e-01	1.460482e-01	8.233372e-08
2.268501977842529e-04	2.070572e-01	2.069772e-01	8.004408e-08
2.310354656413957e-04	2.679601e-01	2.678819e-01	7.816970e-08
2.352207334985386e-04	3.288391e-01	3.287624e-01	7.671060e-08
2.474975192128243e-04	5.074473e-01	5.073742e-01	7.303448e-08
2.597743049271100e-04	6.860495e-01	6.859797e-01	6.977898e-08
2.720510906413957e-04	8.646457e-01	8.645787e-01	6.694410e-08
2.843278763556815e-04	1.043236e+00	1.043171e+00	6.452985e-08
2.966046620699672e-04	1.221820e+00	1.221758e+00	6.253622e-08
3.088814477842529e-04	1.400398e+00	1.400338e+00	6.096321e-08
3.211582334985386e-04	1.578971e+00	1.578911e+00	5.981083e-08
3.467070572844617e-04	1.950599e+00	1.950541e+00	5.749177e-08
3.722558810703848e-04	2.322225e+00	2.322170e+00	5.540918e-08
3.978047048563078e-04	2.693850e+00	2.693797e+00	5.356305e-08
4.233535286422309e-04	3.065474e+00	3.065422e+00	5.195339e-08
4.489023524281540e-04	3.437097e+00	3.437047e+00	5.058020e-08
4.744511762140770e-04	3.808719e+00	3.808669e+00	4.944347e-08
5.000000000000000e-04	4.180339e+00	4.180291e+00	4.854321e-08
5.000042969087727e-04	4.180402e+00	4.180354e+00	4.867914e-08
5.000128907263182e-04	4.180528e+00	4.180479e+00	4.877107e-08
5.000301780868643e-04	4.180770e+00	4.180725e+00	4.496556e-08
5.000474828549453e-04	4.180962e+00	4.180926e+00	3.561120e-08
5.000647876230262e-04	4.181103e+00	4.181076e+00	2.632167e-08
5.000820923911071e-04	4.181193e+00	4.181176e+00	1.709696e-08
5.000993971591880e-04	4.181232e+00	4.181224e+00	7.937072e-09
5.001167019272689e-04	4.181220e+00	4.181221e+00	-1.157988e-09
5.001340066953498e-04	4.181158e+00	4.181168e+00	-1.018822e-08
5.001513114634308e-04	4.181044e+00	4.181063e+00	-1.915363e-08
5.002037872474814e-04	4.180550e+00	4.180592e+00	-4.167882e-08
5.002545759765759e-04	4.179779e+00	4.179837e+00	-5.741454e-08
5.003085557772921e-04	4.178756e+00	4.178823e+00	-6.724844e-08
5.003657653771382e-04	4.177565e+00	4.177635e+00	-7.103144e-08
5.004266204276128e-04	4.176282e+00	4.176352e+00	-6.957910e-08
5.005479466956892e-04	4.173957e+00	4.174016e+00	-5.858749e-08
5.006741341557202e-04	4.171962e+00	4.172009e+00	-4.782813e-08
5.007927050383412e-04	4.170347e+00	4.170391e+00	-4.414372e-08
5.010277447899738e-04	4.167147e+00	4.167194e+00	-4.717963e-08
5.013834848772156e-04	4.161940e+00	4.161989e+00	-4.921124e-08
5.311274211653323e-04	3.729299e+00	3.729349e+00	-4.985588e-08
5.608713574534489e-04	3.296662e+00	3.296713e+00	-5.097530e-08
5.906152937415655e-04	2.864028e+00	2.864081e+00	-5.256952e-08
6.203592300296822e-04	2.431397e+00	2.431452e+00	-5.463852e-08
6.501031663177988e-04	1.998769e+00	1.998826e+00	-5.718232e-08
6.798471026059154e-04	1.566145e+00	1.566205e+00	-6.020090e-08
7.095910388940320e-04	1.133523e+00	1.133587e+00	-6.369427e-08
7.187986281797463e-04	9.995967e-01	9.996616e-01	-6.491739e-08
7.280062174654606e-04	8.656783e-01	8.657449e-01	-6.653478e-08
7.372138067511749e-04	7.317684e-01	7.318369e-01	-6.854643e-08
7.464213960368892e-04	5.978667e-01	5.979377e-01	-7.095236e-08
7.556289853226034e-04	4.639735e-01	4.640473e-01	-7.375256e-08
7.648365746083177e-04	3.300886e-01	3.301656e-01	-7.694702e-08
7.740441638940320e-04	1.962120e-01	1.962926e-01	-8.053576e-08
7.776713960368891e-04	1.434875e-01	1.435694e-01	-8.186059e-08
7.812986281797463e-04	9.078453e-02	9.086837e-02	-8.383854e-08
7.849258603226034e-04	3.810316e-02	3.818963e-02	-8.646961e-08
7.885530924654606e-04	-1.455663e-02	-1.446687e-02	-8.975380e-08
7.921803246083177e-04	-6.719483e-02	-6.710114e-02	-9.369111e-08
7.958075567511749e-04	-1.198114e-01	-1.197132e-01	-9.828153e-08
7.994347888940320e-04	-1.724065e-01	-1.723029e-01	-1.035251e-07
7.997552234643444e-04	-1.770713e-01	-1.769672e-01	-1.040538e-07
7.997857410424695e-04	-1.775092e-01	-1.774075e-01	-1.017741e-07
7.997933704370008e-04	-1.776122e-01	-1.775144e-01	-9.773196e-08
7.997957546227917e-04	-1.776386e-01	-1.775456e-01	-9.300360e-08
7.997981388085828e-04	-1.776647e-01	-1.775757e-01	-8.897552e-08
7.998005229943738e-04	-1.776905e-01	-1.776048e-01	-8.564771e-08
7.998029071801648e-04	-1.777160e-01	-1.776330e-01	-8.302019e-08
7.998052913659558e-04	-1.777412e-01	-1.776601e-01	-8.109294e-08
7.998076755517468e-04	-1.777661e-01	-1.776862e-01	-7.986598e-08
7.998100597375378e-04	-1.777907e-01	-1.777113e-01	-7.933929e-08
7.998253185266003e-04	-1.779567e-01	-1.778781e-01	-7.868473e-08
7.998440946459084e-04	-1.781765e-01	-1.780925e-01	-8.393729e-08
7.999062231242265e-04	-1.790500e-01	-1.789434e-01	-1.065761e-07
7.999777798693846e-04	-1.802366e-01	-1.801136e-01	-1.229812e-07
8.000518273511224e-04	-1.815577e-01	-1.814263e-01	-1.313799e-07
8.001337970879295e-04	-1.830574e-01	-1.829257e-01	-1.316583e-07
8.002126397903054e-04	-1.844538e-01	-1.843286e-01	-1.252194e-07
8.002946290113955e-04	-1.857991e-01	-1.856847e-01	-1.144136e-07
8.003775240059033e-04	-1.870208e-01	-1.869174e-01	-1.033935e-07
8.004895022224450e-04	-1.885104e-01	-1.884175e-01	-9.297683e-08
8.005803241473663e-04	-1.896513e-01	-1.895608e-01	-9.045933e-08
8.006721030320241e-04	-1.908107e-01	-1.907168e-01	-9.393180e-08
8.008820558688823e-04	-1.937586e-01	-1.936487e-01	-1.098160e-07
8.010271967940849e-04	-1.959984e-01	-1.958824e-01	-1.159946e-07
8.011355661273151e-04	-1.976967e-01	-1.975810e-01	-1.156935e-07
8.013624763669498e-04	-2.010880e-01	-2.009809e-01	-1.071102e-07
8.015208385350669e-04	-2.033187e-01	-2.032146e-01	-1.041222e-07
8.018098351760479e-04	-2.074153e-01	-2.073059e-01	-1.094627e-07
8.021025501611751e-04	-2.117494e-01	-2.116363e-01	-1.131614e-07
8.024402687213238e-04	-2.166910e-01	-2.165803e-01	-1.106750e-07
8.029458921641611e-04	-2.240402e-01	-2.239273e-01	-1.128269e-07
8.034515156069985e-04	-2.313921e-01	-2.312768e-01	-1.152189e-07
8.039571390498358e-04	-2.387466e-01	-2.386288e-01	-1.178510e-07
8.044627624926732e-04	-2.461039e-01	-2.459832e-01	-1.207232e-07
8.049683859355105e-04	-2.534639e-01	-2.533400e-01	-1.238354e-07
8.054740093783478e-04	-2.608265e-01	-2.606993e-01	-1.271878e-07
8.059796328211852e-04	-2.681918e-01	-2.680611e-01	-1.307802e-07
8.066889398671628e-04	-2.785160e-01	-2.783782e-01	-1.377158e-07
8.076295389864284e-04	-2.922036e-01	-2.920522e-01	-1.513528e-07
8.093453776820407e-04	-3.171718e-01	-3.169779e-01	-1.939197e-07
8.112985026820408e-04	-3.455868e-01	-3.452973e-01	-2.895346e-07
8.132516276820408e-04	-3.739944e-01	-3.735005e-01	-4.938847e-07
8.152047526820408e-04	-4.023894e-01	-4.014545e-01	-9.349570e-07
8.171578776820408e-04	-4.307648e-01	-4.288972e-01	-1.867565e-06
8.191110026820408e-04	-4.591120e-01	-4.553600e-01	-3.752062e-06
8.210641276820408e-04	-4.874313e-01	-4.801476e-01	-7.283687e-06
8.230172526820408e-04	-5.157400e-01	-5.024805e-01	-1.325944e-05
8.249703776820408e-04	-5.440668e-01	-5.217925e-01	-2.227426e-05
8.269235026820408e-04	-5.724299e-01	-5.379643e-01	-3.446561e-05
8.288766276820408e-04	-6.008263e-01	-5.512942e-01	-4.953210e-05
8.308297526820408e-04	-6.292433e-01	-5.622847e-01	-6.695866e-05
8.327828776820408e-04	-6.576691e-01	-5.714424e-01	-8.622673e-05
8.347360026820408e-04	-6.860969e-01	-5.791876e-01	-1.069093e-04
8.366891276820408e-04	-7.145235e-01	-5.858409e-01	-1.286826e-04
8.405953776820408e-04	-7.713693e-01	-5.967580e-01	-1.746113e-04
8.464547526820408e-04	-8.566207e-01	-6.091899e-01	-2.474307e-04
8.523141276820408e-04	-9.418534e-01	-6.178969e-01	-3.239565e-04
8.581735026820408e-04	-1.027083e+00	-6.256998e-01	-4.013831e-04
8.640328776820408e-04	-1.112309e+00	-6.325985e-01	-4.797108e-04
8.698922526820408e-04	-1.197532e+00	-6.385932e-01	-5.589394e-04
8.757516276820408e-04	-1.282753e+00	-6.436836e-01	-6.390689e-04
8.816110026820408e-04	-1.367969e+00	-6.478700e-01	-7.200994e-04
8.874703776820408e-04	-1.453183e+00	-6.511522e-01	-8.020308e-04
9.019793062534694e-04	-1.664201e+00	-6.586448e-01	-1.005556e-03
9.164882348248980e-04	-1.875213e+00	-6.654119e-01	-1.209801e-03
9.309971633963266e-04	-2.086220e+00	-6.714536e-01	-1.414766e-03
9.455060919677552e-04	-2.297222e+00	-6.767698e-01	-1.620452e-03
9.600150205391838e-04	-2.508218e+00	-6.813606e-01	-1.826858e-03
9.745239491106124e-04	-2.719210e+00	-6.852260e-01	-2.033984e-03
9.890328776820409e-04	-2.930196e+00	-6.883659e-01	-2.241830e-03
9.909860026820409e-04	-2.958496e+00	-6.888193e-01	-2.269677e-03
9.929391276820409e-04	-2.986610e+00	-6.892648e-01	-2.297345e-03
9.945418198893568e-04	-3.009328e+00	-6.896211e-01	-2.319706e-03
9.960274120800099e-04	-3.029749e+00	-6.899385e-01	-2.339810e-03
9.975372047755352e-04	-3.049526e+00	-6.902436e-01	-2.359282e-03
9.985970779750925e-04	-3.062424e+00	-6.904412e-01	-2.371982e-03
1.000000000000000e-03	-3.078414e+00	-6.906850e-01	-2.387729e-03
1.000011921101917e-03	-3.078536e+00	-6.906869e-01	-2.387849e-03
1.000035763305752e-03	-3.078762e+00	-6.906903e-01	-2.388072e-03
1.000139649568108e-03	-3.079526e+00	-6.907019e-01	-2.388824e-03
1.000302614162394e-03	-3.080297e+00	-6.907136e-01	-2.389583e-03
1.000421804550471e-03	-3.080602e+00	-6.907183e-01	-2.389884e-03
1.000587124813529e-03	-3.080724e+00	-6.907201e-01	-2.390004e-03
1.000786009289306e-03	-3.080498e+00	-6.907167e-01	-2.389781e-03
1.000975700718935e-03	-3.079871e+00	-6.907072e-01	-2.389163e-03
1.001316480147124e-03	-3.077952e+00	-6.906781e-01	-2.387274e-03
1.001642826652863e-03	-3.075137e+00	-6.906353e-01	-2.384502e-03
1.002295519664341e-03	-3.067152e+00	-6.905137e-01	-2.376638e-03
1.002913492563651e-03	-3.057566e+00	-6.903673e-01	-2.367199e-03
1.003235523980534e-03	-3.051760e+00	-6.902784e-01	-2.361481e-03
1.003886251606665e-03	-3.039495e+00	-6.900898e-01	-2.349405e-03
1.004262923667191e-03	-3.032767e+00	-6.899860e-01	-2.342781e-03
1.004655050178183e-03	-3.026146e+00	-6.898835e-01	-2.336262e-03
1.004972417732168e-03	-3.021031e+00	-6.898041e-01	-2.331227e-03
1.005607297197756e-03	-3.011182e+00	-6.896509e-01	-2.321531e-03
1.006647589326749e-03	-2.995507e+00	-6.894057e-01	-2.306101e-03
1.007491486654861e-03	-2.983050e+00	-6.892099e-01	-2.293840e-03
1.008335383982972e-03	-2.970627e+00	-6.890135e-01	-2.281613e-03
1.009179281311084e-03	-2.958237e+00	-6.888167e-01	-2.269420e-03
1.010023178639195e-03	-2.945882e+00	-6.886194e-01	-2.257262e-03
1.010867075967307e-03	-2.933560e+00	-6.884216e-01	-2.245139e-03
1.011710973295419e-03	-2.921273e+00	-6.882234e-01	-2.233050e-03
1.012554870623530e-03	-2.909020e+00	-6.880246e-01	-2.220995e-03
1.029502827038401e-03	-2.662531e+00	-6.847480e-01	-1.977783e-03
1.046450783453271e-03	-2.416053e+00	-6.801542e-01	-1.735899e-03
1.063398739868142e-03	-2.169585e+00	-6.742433e-01	-1.495342e-03
1.080346696283012e-03	-1.923127e+00	-6.670151e-01	-1.256112e-03
1.097294652697883e-03	-1.676680e+00	-6.584698e-01	-1.018210e-03
1.114242609112753e-03	-1.430243e+00	-6.486073e-01	-7.816355e-04
1.131190565527624e-03	-1.183816e+00	-6.374276e-01	-5.463884e-04
1.135096815527624e-03	-1.127022e+00	-6.341783e-01	-4.928439e-04
1.139003065527624e-03	-1.070235e+00	-6.301940e-01	-4.400410e-04
1.142909315527624e-03	-1.013455e+00	-6.254746e-01	-3.879800e-04
1.146815565527624e-03	-9.566807e-01	-6.200201e-01	-3.366606e-04
1.150721815527624e-03	-8.999136e-01	-6.138306e-01	-2.860830e-04
1.154628065527624e-03	-8.431530e-01	-6.069059e-01	-2.362471e-04
1.158534315527624e-03	-7.863991e-01	-5.992462e-01	-1.871529e-04
1.162440565527624e-03	-7.296672e-01	-5.890397e-01	-1.406275e-04
1.164393690527624e-03	-7.013087e-01	-5.828871e-01	-1.184216e-04
1.166346815527624e-03	-6.729552e-01	-5.757902e-01	-9.716507e-05
1.168299940527624e-03	-6.446051e-01	-5.674752e-01	-7.712989e-05
1.170253065527624e-03	-6.162541e-01	-5.575715e-01	-5.868260e-05
1.172206190527624e-03	-5.878931e-01	-5.456164e-01	-4.227671e-05
1.174159315527624e-03	-5.595073e-01	-5.310729e-01	-2.843442e-05
1.176112440527624e-03	-5.310822e-01	-5.134670e-01	-1.761527e-05
1.178065565527624e-03	-5.026186e-01	-4.926497e-01	-9.968941e-06
1.180018690527624e-03	-4.741402e-01	-4.689799e-01	-5.160317e-06
1.181971815527624e-03	-4.456763e-01	-4.432113e-01	-2.464940e-06
1.183924940527624e-03	-4.172394e-01	-4.161496e-01	-1.089816e-06
1.185878065527624e-03	-3.888266e-01	-3.883950e-01	-4.316973e-07
1.187831190527624e-03	-3.604305e-01	-3.603019e-01	-1.286597e-07
1.189784315527624e-03	-3.320457e-01	-3.320531e-01	7.386251e-09
1.191737440527624e-03	-3.036697e-01	-3.037366e-01	6.688973e-08
1.193690565527624e-03	-2.753021e-01	-2.753938e-01	9.172332e-08
1.195643690527624e-03	-2.469441e-01	-2.470451e-01	1.009266e-07
1.198329237402624e-03	-2.079698e-01	-2.080732e-01	1.033828e-07
1.199365340523134e-03	-1.929417e-01	-1.930444e-01	1.026584e-07
1.199416375340715e-03	-1.921596e-01	-1.922701e-01	1.104970e-07
1.199454073768525e-03	-1.915708e-01	-1.916813e-01	1.105727e-07
1.199622211255163e-03	-1.891401e-01	-1.892368e-01	9.667308e-08
1.199706253543709e-03	-1.880203e-01	-1.881125e-01	9.221669e-08
1.199813443472451e-03	-1.866374e-01	-1.867274e-01	8.997677e-08
1.199937401322027e-03	-1.850342e-01	-1.851256e-01	9.130593e-08
1.200237180584149e-03	-1.808972e-01	-1.809980e-01	1.008828e-07
1.200502529320611e-03	-1.769618e-01	-1.770672e-01	1.053331e-07
1.201145063520945e-03	-1.674727e-01	-1.675724e-01	9.970656e-08
1.201800871741065e-03	-1.579448e-01	-1.580445e-01	9.967216e-08
1.202456679961185e-03	-1.484066e-01	-1.485060e-01	9.946543e-08
1.203112488181304e-03	-1.388580e-01	-1.389571e-01	9.908636e-08
1.203768296401424e-03	-1.292992e-01	-1.293977e-01	9.853496e-08
1.204424104621544e-03	-1.197300e-01	-1.198279e-01	9.781123e-08
1.205079912841664e-03	-1.101506e-01	-1.102475e-01	9.691516e-08
1.205735721061784e-03	-1.005609e-01	-1.006567e-01	9.584677e-08
1.209902749971549e-03	-3.980184e-02	-3.989372e-02	9.187991e-08
1.214069778881314e-03	2.093297e-02	2.084465e-02	8.832988e-08
1.218236807791079e-03	8.164358e-02	8.155839e-02	8.519666e-08
1.222403836700845e-03	1.423300e-01	1.422475e-01	8.248025e-08
1.226570865610610e-03	2.029922e-01	2.029120e-01	8.018066e-08
1.230737894520375e-03	2.636302e-01	2.635519e-01	7.829789e-08
1.234904923430140e-03	3.242439e-01	3.241671e-01	7.683192e-08
1.247181709144426e-03	5.028526e-01	5.027794e-01	7.313206e-08
1.259458494858712e-03	6.814551e-01	6.813853e-01	6.985661e-08
1.271735280572998e-03	8.600516e-01	8.599846e-01	6.700556e-08
1.284012066287283e-03	1.038642e+00	1.038577e+00	6.457892e-08
1.296288852001569e-03	1.217226e+00	1.217164e+00	6.257668e-08
1.308565637715855e-03	1.395805e+00	1.395744e+00	6.099885e-08
1.320842423430140e-03	1.574377e+00	1.574317e+00	5.984542e-08
1.346436362940121e-03	1.946661e+00	1.946604e+00	5.751873e-08
1.372030302450101e-03	2.318944e+00	2.318888e+00	5.542900e-08
1.397624241960081e-03	2.691225e+00	2.691172e+00	5.357622e-08
1.423218181470061e-03	3.063506e+00	3.063454e+00	5.196040e-08
1.448812120980042e-03	3.435785e+00	3.435734e+00	5.058154e-08
1.474406060490022e-03	3.808063e+00	3.808013e+00	4.943963e-08
1.500000000000002e-03	4.180339e+00	4.180291e+00	4.853468e-08
1.500004296840139e-03	4.180402e+00	4.180354e+00	4.867462e-08
1.500012890520414e-03	4.180528e+00	4.180479e+00	4.877103e-08
1.500030174098722e-03	4.180770e+00	4.180725e+00	4.496732e-08
1.500047465843610e-03	4.180961e+00	4.180926e+00	3.562065e-08
1.500064757588498e-03	4.181102e+00	4.181076e+00	2.633833e-08
1.500082049333386e-03	4.181192e+00	4.181175e+00	1.712036e-08
1.500099341078274e-03	4.181231e+00	4.181224e+00	7.966746e-09
1.500116632823162e-03	4.181220e+00	4.181221e+00	-1.122521e-09
1.500133924568050e-03	4.181158e+00	4.181168e+00	-1.014744e-08
1.500151216312938e-03	4.181045e+00	4.181064e+00	-1.910800e-08
1.500203738532769e-03	4.180551e+00	4.180593e+00	-4.165872e-08
1.500254553490652e-03	4.179780e+00	4.179837e+00	-5.740816e-08
1.500308535182202e-03	4.178756e+00	4.178823e+00	-6.724601e-08
1.500365743272509e-03	4.177565e+00	4.177636e+00	-7.103121e-08
1.500426598959608e-03	4.176283e+00	4.176353e+00	-6.958048e-08
1.500547921610099e-03	4.173957e+00	4.174016e+00	-5.859011e-08
1.500674128867125e-03	4.171962e+00	4.172009e+00	-4.782864e-08
1.500792703302378e-03	4.170347e+00	4.170391e+00	-4.414368e-08
1.501027743086183e-03	4.167147e+00	4.167194e+00	-4.717961e-08
1.501383473366449e-03	4.161941e+00	4.161990e+00	-4.921128e-08
1.503567627808835e-03	4.130166e+00	4.130215e+00	-4.863825e-08
1.532999573986681e-03	3.702066e+00	3.702115e+00	-4.958079e-08
1.562431520164527e-03	3.273968e+00	3.274019e+00	-5.092612e-08
1.591863466342374e-03	2.845873e+00	2.845926e+00	-5.267421e-08
1.621295412520220e-03	2.417781e+00	2.417836e+00	-5.482507e-08
1.650727358698066e-03	1.989691e+00	1.989749e+00	-5.737871e-08
1.680159304875912e-03	1.561604e+00	1.561665e+00	-6.033512e-08
1.709591251053759e-03	1.133520e+00	1.133584e+00	-6.369430e-08
1.718798840339473e-03	9.995936e-01	9.996585e-01	-6.491742e-08
1.728006429625187e-03	8.656753e-01	8.657418e-01	-6.653481e-08
1.737214018910901e-03	7.317653e-01	7.318338e-01	-6.854648e-08
1.746421608196616e-03	5.978637e-01	5.979346e-01	-7.095242e-08
1.755629197482330e-03	4.639704e-01	4.640442e-01	-7.375263e-08
1.764836786768044e-03	3.300855e-01	3.301625e-01	-7.694711e-08
1.774044376053759e-03	1.962090e-01	1.962895e-01	-8.053586e-08
1.777671608196616e-03	1.434844e-01	1.435663e-01	-8.186068e-08
1.781298840339473e-03	9.078146e-02	9.086529e-02	-8.383863e-08
1.784926072482330e-03	3.810008e-02	3.818655e-02	-8.646973e-08
1.788553304625187e-03	-1.455970e-02	-1.446995e-02	-8.975398e-08
1.792180536768044e-03	-6.719791e-02	-6.710421e-02	-9.369136e-08
1.795807768910901e-03	-1.198145e-01	-1.197162e-01	-9.828189e-08
1.799435001053759e-03	-1.724096e-01	-1.723060e-01	-1.035256e-07
1.799755435624071e-03	-1.770743e-01	-1.769703e-01	-1.040499e-07
1.799785953202196e-03	-1.775120e-01	-1.774103e-01	-1.016293e-07
1.799793582596728e-03	-1.776145e-01	-1.775171e-01	-9.742017e-08
1.799796026387163e-03	-1.776417e-01	-1.775490e-01	-9.263771e-08
1.799798470177599e-03	-1.776685e-01	-1.775799e-01	-8.857799e-08
1.799800913968035e-03	-1.776949e-01	-1.776097e-01	-8.524102e-08
1.799803357758471e-03	-1.777210e-01	-1.776384e-01	-8.262679e-08
1.799805801548907e-03	-1.777468e-01	-1.776661e-01	-8.073530e-08
1.799808245339342e-03	-1.777723e-01	-1.776927e-01	-7.956655e-08
1.799810689129778e-03	-1.777974e-01	-1.777182e-01	-7.912054e-08
1.799825947918841e-03	-1.779639e-01	-1.778850e-01	-7.880639e-08
1.799908674848766e-03	-1.790888e-01	-1.789815e-01	-1.072628e-07
1.799982778751138e-03	-1.803237e-01	-1.801999e-01	-1.237946e-07
1.800055874901720e-03	-1.816311e-01	-1.814995e-01	-1.316069e-07
1.800139172592334e-03	-1.831547e-01	-1.830233e-01	-1.313998e-07
1.800217062134352e-03	-1.845294e-01	-1.844047e-01	-1.247329e-07
1.800300033587831e-03	-1.858831e-01	-1.857695e-01	-1.136540e-07
1.800382587253883e-03	-1.870912e-01	-1.869883e-01	-1.028474e-07
1.800499991937446e-03	-1.886432e-01	-1.885506e-01	-9.260084e-08
1.800595289821593e-03	-1.898412e-01	-1.897503e-01	-9.085790e-08
1.800699672665719e-03	-1.911729e-01	-1.910771e-01	-9.575588e-08
1.800916406003536e-03	-1.942754e-01	-1.941633e-01	-1.121200e-07
1.801032440833992e-03	-1.960790e-01	-1.959626e-01	-1.164409e-07
1.801132803481020e-03	-1.976554e-01	-1.975397e-01	-1.157464e-07
1.801361681266144e-03	-2.010755e-01	-2.009684e-01	-1.071130e-07
1.801525661626897e-03	-2.033850e-01	-2.032808e-01	-1.041819e-07
1.801966649022100e-03	-2.097252e-01	-2.096125e-01	-1.126561e-07
1.802449272192365e-03	-2.168207e-01	-2.167101e-01	-1.106142e-07
1.802857292919855e-03	-2.227495e-01	-2.226369e-01	-1.125502e-07
1.803265313647345e-03	-2.286809e-01	-2.285663e-01	-1.145461e-07
1.803673334374834e-03	-2.346149e-01	-2.344983e-01	-1.166019e-07
1.804081355102324e-03	-2.405515e-01	-2.404328e-01	-1.187176e-07
1.804489375829814e-03	-2.464908e-01	-2.463699e-01	-1.208932e-07
1.804897396557303e-03	-2.524327e-01	-2.523096e-01	-1.231287e-07
1.805305417284793e-03	-2.583773e-01	-2.582518e-01	-1.254242e-07
1.806719557762050e-03	-2.789615e-01	-2.788235e-01	-1.380610e-07
1.807665756399086e-03	-2.927306e-01	-2.925788e-01	-1.518992e-07
1.809358663575882e-03	-3.173651e-01	-3.171709e-01	-1.942391e-07
1.811311788575882e-03	-3.457801e-01	-3.454896e-01	-2.904585e-07
1.813264913575882e-03	-3.741876e-01	-3.736917e-01	-4.958819e-07
1.815218038575882e-03	-4.025825e-01	-4.016433e-01	-9.392447e-07
1.817171163575882e-03	-4.309577e-01	-4.290812e-01	-1.876502e-06
1.819124288575882e-03	-4.593047e-01	-4.555351e-01	-3.769620e-06
1.821077413575882e-03	-4.876238e-01	-4.803086e-01	-7.315212e-06
1.823030538575882e-03	-5.159326e-01	-5.026225e-01	-1.331005e-05
1.824983663575882e-03	-5.442597e-01	-5.219131e-01	-2.234658e-05
1.826936788575882e-03	-5.726230e-01	-5.380641e-01	-3.455891e-05
1.828889913575882e-03	-6.010196e-01	-5.513762e-01	-4.964331e-05
1.830843038575882e-03	-6.294367e-01	-5.623526e-01	-6.708407e-05
1.832796163575882e-03	-6.578625e-01	-5.714994e-01	-8.636306e-05
1.834749288575882e-03	-6.862903e-01	-5.792363e-01	-1.070540e-04
1.836702413575882e-03	-7.147169e-01	-5.858830e-01	-1.288339e-04
1.840608663575882e-03	-7.715627e-01	-5.967908e-01	-1.747718e-04
1.846468038575882e-03	-8.568140e-01	-6.092142e-01	-2.475997e-04
1.852327413575882e-03	-9.420467e-01	-6.179170e-01	-3.241297e-04
1.858186788575882e-03	-1.027276e+00	-6.257163e-01	-4.015599e-04
1.864046163575882e-03	-1.112503e+00	-6.326121e-01	-4.798905e-04
1.869905538575882e-03	-1.197726e+00	-6.386044e-01	-5.591213e-04
1.875764913575882e-03	-1.282946e+00	-6.436932e-01	-6.392525e-04
1.881624288575882e-03	-1.368163e+00	-6.478786e-01	-7.202840e-04
1.887483663575882e-03	-1.453376e+00	-6.511605e-01	-8.022158e-04
1.901992592147310e-03	-1.664394e+00	-6.586517e-01	-1.005742e-03
1.916501520718738e-03	-1.875406e+00	-6.654177e-01	-1.209989e-03
1.931010449290166e-03	-2.086413e+00	-6.714584e-01	-1.414955e-03
1.945519377861594e-03	-2.297415e+00	-6.767739e-01	-1.620641e-03
1.960028306433022e-03	-2.508412e+00	-6.813642e-01	-1.827047e-03
1.974537235004450e-03	-2.719403e+00	-6.852292e-01	-2.034174e-03
1.989046163575878e-03	-2.930389e+00	-6.883690e-01	-2.242020e-03
1.990999288575877e-03	-2.958688e+00	-6.888223e-01	-2.269866e-03
1.992952413575877e-03	-2.986800e+00	-6.892678e-01	-2.297532e-03
1.994552010613192e-03	-3.009470e+00	-6.896234e-01	-2.319847e-03
1.996039286125283e-03	-3.029908e+00	-6.899410e-01	-2.339967e-03
1.997549371222712e-03	-3.049681e+00	-6.902460e-01	-2.359435e-03
1.998598488273206e-03	-3.062443e+00	-6.904415e-01	-2.372002e-03
2.000000000000000e-03	-3.078414e+00	-6.906850e-01	-2.387729e-03
