#time	V(in1/out1)	V(in2)	I(D1)
0.000000000000000e+00	0.000000e+00	0.000000e+00	0.000000e+00
3.906249976259879e-11	7.812500e-08	3.736724e-08	4.075776e-09
1.562499990503952e-10	3.125000e-07	2.373174e-07	7.518262e-09
7.341294640633717e-06	1.468259e-02	1.468251e-02	8.124059e-09
1.468243303126838e-05	2.936487e-02	2.936477e-02	9.610159e-09
2.202357142190305e-05	4.404714e-02	4.404702e-02	1.197656e-08
2.936470981253772e-05	5.872942e-02	5.872927e-02	1.522327e-08
3.670584820317239e-05	7.341170e-02	7.341150e-02	1.935027e-08
4.404698659380705e-05	8.809397e-02	8.809373e-02	2.435758e-08
5.138812498444170e-05	1.027763e-01	1.027759e-01	3.024519e-08
5.585241069872742e-05	1.117048e-01	1.117045e-01	3.471530e-08
6.031669641301314e-05	1.206334e-01	1.206330e-01	4.116138e-08
6.478098212729887e-05	1.295620e-01	1.295615e-01	4.958345e-08
6.924526784158458e-05	1.384905e-01	1.384899e-01	5.998149e-08
7.370955355587030e-05	1.474191e-01	1.474184e-01	7.235552e-08
7.817383927015602e-05	1.563477e-01	1.563468e-01	8.670552e-08
8.263812498444173e-05	1.652762e-01	1.652752e-01	1.030315e-07
8.849749998444174e-05	1.769950e-01	1.769937e-01	1.316920e-07
9.435687498444174e-05	1.887137e-01	1.887121e-01	1.687967e-07
1.002162499844417e-04	2.004325e-01	2.004303e-01	2.168373e-07
1.041224999844418e-04	2.082450e-01	2.082424e-01	2.564967e-07
1.080287499844418e-04	2.160575e-01	2.160545e-01	3.036113e-07
1.119349999844418e-04	2.238700e-01	2.238664e-01	3.595833e-07
1.158412499844418e-04	2.316825e-01	2.316782e-01	4.260788e-07
1.197474999844418e-04	2.394950e-01	2.394899e-01	5.050769e-07
1.236537499844418e-04	2.473075e-01	2.473015e-01	5.989289e-07
1.275599999844418e-04	2.551200e-01	2.551129e-01	7.104280e-07
1.314662499844418e-04	2.629325e-01	2.629241e-01	8.428922e-07
1.334193749844418e-04	2.668388e-01	2.668296e-01	9.181906e-07
1.353724999844418e-04	2.707450e-01	2.707350e-01	1.000263e-06
1.373256249844418e-04	2.746513e-01	2.746404e-01	1.089719e-06
1.392787499844418e-04	2.785575e-01	2.785456e-01	1.187223e-06
1.412318749844418e-04	2.824638e-01	2.824508e-01	1.293497e-06
1.431849999844418e-04	2.863700e-01	2.863559e-01	1.409332e-06
1.451381249844418e-04	2.902763e-01	2.902609e-01	1.535585e-06
1.470912499844418e-04	2.941825e-01	2.941658e-01	1.673195e-06
1.490443749844418e-04	2.980888e-01	2.980705e-01	1.823181e-06
1.509974999844418e-04	3.019950e-01	3.019751e-01	1.986657e-06
1.529506249844418e-04	3.059013e-01	3.058796e-01	2.164833e-06
1.549037499844418e-04	3.098075e-01	3.097839e-01	2.359031e-06
1.568568749844418e-04	3.137138e-01	3.136880e-01	2.570690e-06
1.588099999844418e-04	3.176200e-01	3.175920e-01	2.801378e-06
1.607631249844418e-04	3.215263e-01	3.214957e-01	3.052804e-06
1.627162499844418e-04	3.254325e-01	3.253992e-01	3.326830e-06
1.646693749844418e-04	3.293388e-01	3.293025e-01	3.625483e-06
1.666224999844418e-04	3.332450e-01	3.332055e-01	3.950973e-06
1.685756249844418e-04	3.371513e-01	3.371082e-01	4.305707e-06
1.705287499844418e-04	3.410575e-01	3.410106e-01	4.692308e-06
1.724818749844418e-04	3.449638e-01	3.449126e-01	5.113630e-06
1.744349999844418e-04	3.488700e-01	3.488143e-01	5.572787e-06
1.763881249844418e-04	3.527763e-01	3.527155e-01	6.073165e-06
1.783412499844418e-04	3.566825e-01	3.566163e-01	6.618455e-06
1.802943749844418e-04	3.605888e-01	3.605166e-01	7.212675e-06
1.822474999844418e-04	3.644950e-01	3.644164e-01	7.860199e-06
1.842006249844418e-04	3.684013e-01	3.683156e-01	8.565792e-06
1.861537499844418e-04	3.723075e-01	3.722141e-01	9.334639e-06
1.881068749844418e-04	3.762138e-01	3.761120e-01	1.017239e-05
1.900599999844418e-04	3.801200e-01	3.800091e-01	1.108518e-05
1.920131249844418e-04	3.840263e-01	3.839055e-01	1.207969e-05
1.939662499844418e-04	3.879325e-01	3.878009e-01	1.316322e-05
1.959193749844418e-04	3.918388e-01	3.916953e-01	1.434366e-05
1.978724999844418e-04	3.957450e-01	3.955887e-01	1.562962e-05
1.998256249844418e-04	3.996513e-01	3.994809e-01	1.703047e-05
2.017787499844418e-04	4.035575e-01	4.033719e-01	1.855639e-05
2.037318749844418e-04	4.074638e-01	4.072616e-01	2.021844e-05
2.056849999844418e-04	4.113700e-01	4.111497e-01	2.202865e-05
2.076381249844418e-04	4.152763e-01	4.150363e-01	2.400008e-05
2.095912499844418e-04	4.191825e-01	4.189210e-01	2.614691e-05
2.115443749844418e-04	4.230888e-01	4.228039e-01	2.848457e-05
2.134974999844418e-04	4.269950e-01	4.266847e-01	3.102977e-05
2.154506249844418e-04	4.309013e-01	4.305632e-01	3.380066e-05
2.174037499844418e-04	4.348075e-01	4.344393e-01	3.681693e-05
2.193568749844418e-04	4.387138e-01	4.383128e-01	4.009991e-05
2.213099999844418e-04	4.426200e-01	4.421833e-01	4.367272e-05
2.232631249844418e-04	4.465263e-01	4.460506e-01	4.756041e-05
2.252162499844418e-04	4.504325e-01	4.499146e-01	5.179009e-05
2.271693749844418e-04	4.543388e-01	4.537748e-01	5.639108e-05
2.291224999844418e-04	4.582450e-01	4.576311e-01	6.139507e-05
2.310756249844419e-04	4.621513e-01	4.614829e-01	6.683632e-05
2.330287499844419e-04	4.660575e-01	4.653300e-01	7.275178e-05
2.349818749844419e-04	4.699638e-01	4.691719e-01	7.918133e-05
2.369349999844419e-04	4.738700e-01	4.730083e-01	8.616791e-05
2.388881249844419e-04	4.777763e-01	4.768387e-01	9.375776e-05
2.408412499844419e-04	4.816825e-01	4.806625e-01	1.020006e-04
2.427943749844419e-04	4.855888e-01	4.844792e-01	1.109498e-04
2.447474999844418e-04	4.894950e-01	4.882884e-01	1.206627e-04
2.467006249844418e-04	4.934013e-01	4.920892e-01	1.312006e-04
2.486537499844418e-04	4.973075e-01	4.958812e-01	1.426292e-04
2.506068749844418e-04	5.012137e-01	4.996636e-01	1.550184e-04
2.525599999844418e-04	5.051200e-01	5.034356e-01	1.684430e-04
2.545131249844418e-04	5.090262e-01	5.071964e-01	1.829825e-04
2.564662499844418e-04	5.129325e-01	5.109453e-01	1.987213e-04
2.584193749844418e-04	5.168387e-01	5.146813e-01	2.157488e-04
2.603724999844418e-04	5.207450e-01	5.184034e-01	2.341595e-04
2.623256249844419e-04	5.246512e-01	5.221107e-01	2.540532e-04
2.642787499844419e-04	5.285575e-01	5.258021e-01	2.755347e-04
2.662318749844419e-04	5.324637e-01	5.294766e-01	2.987139e-04
2.681849999844419e-04	5.363700e-01	5.331330e-01	3.237058e-04
2.701381249844419e-04	5.402762e-01	5.367700e-01	3.506303e-04
2.720912499844419e-04	5.441825e-01	5.403864e-01	3.796116e-04
2.740443749844419e-04	5.480887e-01	5.439810e-01	4.107784e-04
2.759974999844419e-04	5.519950e-01	5.475523e-01	4.442632e-04
2.779506249844419e-04	5.559012e-01	5.510992e-01	4.802021e-04
2.799037499844419e-04	5.598075e-01	5.546201e-01	5.187339e-04
2.818568749844419e-04	5.637137e-01	5.581138e-01	5.599995e-04
2.857631249844419e-04	5.715262e-01	5.650132e-01	6.513037e-04
2.896693749844419e-04	5.793387e-01	5.717862e-01	7.552591e-04
2.935756249844419e-04	5.871512e-01	5.784214e-01	8.729933e-04
2.974818749844419e-04	5.949637e-01	5.849079e-01	1.005586e-03
3.013881249844419e-04	6.027762e-01	5.912359e-01	1.154038e-03
3.052943749844419e-04	6.105887e-01	5.973964e-01	1.319239e-03
3.092006249844419e-04	6.184012e-01	6.033818e-01	1.501943e-03
3.131068749844419e-04	6.262137e-01	6.091863e-01	1.702748e-03
3.170131249844419e-04	6.340262e-01	6.148055e-01	1.922078e-03
3.228724999844419e-04	6.457450e-01	6.228819e-01	2.286310e-03
3.287318749844419e-04	6.574637e-01	6.305351e-01	2.692868e-03
3.345912499844419e-04	6.691825e-01	6.377717e-01	3.141083e-03
3.404506249844419e-04	6.809012e-01	6.446049e-01	3.629632e-03
3.474260714130134e-04	6.948521e-01	6.521416e-01	4.271050e-03
3.544015178415848e-04	7.088030e-01	6.592674e-01	4.953560e-03
3.613769642701562e-04	7.227539e-01	6.659823e-01	5.677163e-03
3.683524106987276e-04	7.367048e-01	6.722862e-01	6.441859e-03
3.753278571272991e-04	7.506557e-01	6.781792e-01	7.247648e-03
3.823033035558706e-04	7.646066e-01	6.836613e-01	8.094530e-03
3.892787499844420e-04	7.785575e-01	6.887324e-01	8.982504e-03
4.023925892701563e-04	8.047852e-01	6.974255e-01	1.073597e-02
4.155064285558706e-04	8.310128e-01	7.055598e-01	1.254530e-02
4.286202678415848e-04	8.572405e-01	7.131356e-01	1.441049e-02
4.417341071272992e-04	8.834682e-01	7.201528e-01	1.633154e-02
4.548479464130135e-04	9.096959e-01	7.266113e-01	1.830846e-02
4.679617856987278e-04	9.359236e-01	7.325112e-01	2.034123e-02
4.810756249844420e-04	9.621512e-01	7.378525e-01	2.242987e-02
5.001953125000000e-04	9.996094e-01	7.452657e-01	2.543437e-02
5.148158482142858e-04	9.703683e-01	7.397751e-01	2.305932e-02
5.294363839285714e-04	9.411272e-01	7.336946e-01	2.074326e-02
5.440569196428572e-04	9.118861e-01	7.270242e-01	1.848620e-02
5.586774553571429e-04	8.826451e-01	7.197638e-01	1.628813e-02
5.732979910714287e-04	8.534040e-01	7.119134e-01	1.414906e-02
5.879185267857144e-04	8.241629e-01	7.034731e-01	1.206898e-02
6.025390625000001e-04	7.949219e-01	6.944429e-01	1.004789e-02
6.097935267857144e-04	7.804129e-01	6.895129e-01	9.090007e-03
6.170479910714287e-04	7.659040e-01	6.841797e-01	8.172436e-03
6.243024553571430e-04	7.513951e-01	6.784433e-01	7.295179e-03
6.315569196428573e-04	7.368862e-01	6.723038e-01	6.458237e-03
6.388113839285715e-04	7.223772e-01	6.657612e-01	5.661610e-03
6.460658482142858e-04	7.078683e-01	6.588153e-01	4.905299e-03
6.533203125000001e-04	6.933594e-01	6.514664e-01	4.189302e-03
6.605747767857145e-04	6.788504e-01	6.434746e-01	3.537592e-03
6.678292410714288e-04	6.643415e-01	6.348534e-01	2.948811e-03
6.750837053571431e-04	6.498326e-01	6.256030e-01	2.422959e-03
6.823381696428574e-04	6.353237e-01	6.157233e-01	1.960036e-03
6.895926339285716e-04	6.208147e-01	6.052143e-01	1.560043e-03
6.968470982142859e-04	6.063058e-01	5.940760e-01	1.222979e-03
7.041015625000002e-04	5.917969e-01	5.823084e-01	9.488435e-04
7.080078125000002e-04	5.839844e-01	5.757594e-01	8.224996e-04
7.119140625000002e-04	5.761719e-01	5.690660e-01	7.105828e-04
7.158203125000002e-04	5.683594e-01	5.622395e-01	6.119884e-04
7.177734375000002e-04	5.644531e-01	5.587798e-01	5.673315e-04
7.197265625000002e-04	5.605469e-01	5.552911e-01	5.255769e-04
7.216796875000002e-04	5.566406e-01	5.517748e-01	4.865818e-04
7.236328125000002e-04	5.527344e-01	5.482323e-01	4.502045e-04
7.255859375000002e-04	5.488281e-01	5.446651e-01	4.163058e-04
7.275390625000002e-04	5.449219e-01	5.410744e-01	3.847489e-04
7.294921875000002e-04	5.410156e-01	5.374616e-01	3.554007e-04
7.314453125000002e-04	5.371094e-01	5.338281e-01	3.281316e-04
7.333984375000002e-04	5.332031e-01	5.301750e-01	3.028165e-04
7.353515625000002e-04	5.292969e-01	5.265035e-01	2.793347e-04
7.373046875000002e-04	5.253906e-01	5.228149e-01	2.575703e-04
7.392578125000002e-04	5.214844e-01	5.191103e-01	2.374125e-04
7.412109375000002e-04	5.175781e-01	5.153906e-01	2.187555e-04
7.431640625000002e-04	5.136719e-01	5.116569e-01	2.014986e-04
7.451171875000002e-04	5.097656e-01	5.079101e-01	1.855464e-04
7.470703125000002e-04	5.058594e-01	5.041513e-01	1.708085e-04
7.490234375000002e-04	5.019531e-01	5.003811e-01	1.571997e-04
7.509765625000002e-04	4.980469e-01	4.966005e-01	1.446396e-04
7.529296875000002e-04	4.941406e-01	4.928101e-01	1.330527e-04
7.548828125000002e-04	4.902344e-01	4.890107e-01	1.223681e-04
7.568359375000002e-04	4.863281e-01	4.852029e-01	1.125194e-04
7.587890625000002e-04	4.824219e-01	4.813874e-01	1.034446e-04
7.607421875000002e-04	4.785156e-01	4.775648e-01	9.508574e-05
7.626953125000002e-04	4.746094e-01	4.737355e-01	8.738869e-05
7.646484375000002e-04	4.707031e-01	4.699001e-01	8.030314e-05
7.666015625000002e-04	4.667969e-01	4.660590e-01	7.378226e-05
7.685546875000002e-04	4.628906e-01	4.622128e-01	6.778256e-05
7.705078125000003e-04	4.589844e-01	4.583617e-01	6.226366e-05
7.724609375000003e-04	4.550781e-01	4.545062e-01	5.718810e-05
7.744140625000003e-04	4.511719e-01	4.506467e-01	5.252118e-05
7.763671875000003e-04	4.472656e-01	4.467833e-01	4.823078e-05
7.783203125000003e-04	4.433594e-01	4.429165e-01	4.428719e-05
7.802734375000003e-04	4.394531e-01	4.390465e-01	4.066293e-05
7.822265625000003e-04	4.355469e-01	4.351736e-01	3.733262e-05
7.841796875000003e-04	4.316406e-01	4.312979e-01	3.427281e-05
7.861328125000003e-04	4.277344e-01	4.274198e-01	3.146188e-05
7.880859375000003e-04	4.238281e-01	4.235393e-01	2.887985e-05
7.900390625000003e-04	4.199219e-01	4.196568e-01	2.650835e-05
7.919921875000003e-04	4.160156e-01	4.157723e-01	2.433041e-05
7.939453125000003e-04	4.121094e-01	4.118861e-01	2.233039e-05
7.958984375000003e-04	4.082031e-01	4.079982e-01	2.049392e-05
7.978515625000003e-04	4.042969e-01	4.041088e-01	1.880774e-05
7.998046875000003e-04	4.003906e-01	4.002180e-01	1.725965e-05
8.017578125000003e-04	3.964844e-01	3.963260e-01	1.583844e-05
8.037109375000003e-04	3.925781e-01	3.924328e-01	1.453378e-05
8.056640625000003e-04	3.886719e-01	3.885385e-01	1.333618e-05
8.076171875000003e-04	3.847656e-01	3.846433e-01	1.223690e-05
8.095703125000003e-04	3.808594e-01	3.807471e-01	1.122791e-05
8.115234375000003e-04	3.769531e-01	3.768501e-01	1.030184e-05
8.134765625000003e-04	3.730469e-01	3.729523e-01	9.451905e-06
8.154296875000003e-04	3.691406e-01	3.690539e-01	8.671870e-06
8.173828125000003e-04	3.652344e-01	3.651548e-01	7.956010e-06
8.193359375000003e-04	3.613281e-01	3.612551e-01	7.299066e-06
8.212890625000003e-04	3.574219e-01	3.573549e-01	6.696202e-06
8.232421875000003e-04	3.535156e-01	3.534542e-01	6.142982e-06
8.251953125000003e-04	3.496094e-01	3.495530e-01	5.635328e-06
8.271484375000003e-04	3.457031e-01	3.456514e-01	5.169498e-06
8.291015625000003e-04	3.417969e-01	3.417495e-01	4.742053e-06
8.310546875000003e-04	3.378906e-01	3.378471e-01	4.349838e-06
8.330078125000003e-04	3.339844e-01	3.339445e-01	3.989954e-06
8.349609375000003e-04	3.300781e-01	3.300415e-01	3.659741e-06
8.369140625000003e-04	3.261719e-01	3.261383e-01	3.356758e-06
8.388671875000003e-04	3.222656e-01	3.222348e-01	3.078762e-06
8.408203125000003e-04	3.183594e-01	3.183311e-01	2.823696e-06
8.427734375000003e-04	3.144531e-01	3.144272e-01	2.589671e-06
8.447265625000003e-04	3.105469e-01	3.105231e-01	2.374953e-06
8.466796875000003e-04	3.066406e-01	3.066188e-01	2.177951e-06
8.486328125000003e-04	3.027344e-01	3.027144e-01	1.997206e-06
8.505859375000003e-04	2.988281e-01	2.988098e-01	1.831376e-06
8.525390625000003e-04	2.949219e-01	2.949051e-01	1.679233e-06
8.544921875000003e-04	2.910156e-01	2.910002e-01	1.539647e-06
8.564453125000003e-04	2.871094e-01	2.870952e-01	1.411583e-06
8.583984375000003e-04	2.832031e-01	2.831902e-01	1.294091e-06
8.603515625000003e-04	2.792969e-01	2.792850e-01	1.186299e-06
8.623046875000003e-04	2.753906e-01	2.753797e-01	1.087405e-06
8.642578125000003e-04	2.714844e-01	2.714744e-01	9.966772e-07
8.662109375000003e-04	2.675781e-01	2.675690e-01	9.134404e-07
8.681640625000003e-04	2.636719e-01	2.636635e-01	8.370768e-07
8.720703125000003e-04	2.558594e-01	2.558523e-01	7.027470e-07
8.759765625000003e-04	2.480469e-01	2.480410e-01	5.896886e-07
8.798828125000003e-04	2.402344e-01	2.402294e-01	4.945349e-07
8.837890625000004e-04	2.324219e-01	2.324177e-01	4.144518e-07
8.876953125000004e-04	2.246094e-01	2.246059e-01	3.470535e-07
8.916015625000004e-04	2.167969e-01	2.167940e-01	2.903320e-07
8.955078125000004e-04	2.089844e-01	2.089819e-01	2.425968e-07
8.994140625000004e-04	2.011719e-01	2.011698e-01	2.024252e-07
9.052734375000004e-04	1.894531e-01	1.894516e-01	1.537825e-07
9.111328125000004e-04	1.777344e-01	1.777332e-01	1.162338e-07
9.169921875000004e-04	1.660156e-01	1.660148e-01	8.725135e-08
9.228515625000004e-04	1.542969e-01	1.542962e-01	6.488305e-08
9.275948660714290e-04	1.448103e-01	1.448097e-01	5.152687e-08
9.323381696428575e-04	1.353237e-01	1.353233e-01	3.985332e-08
9.370814732142861e-04	1.258371e-01	1.258368e-01	2.986240e-08
9.418247767857147e-04	1.163504e-01	1.163502e-01	2.155413e-08
9.465680803571433e-04	1.068638e-01	1.068637e-01	1.492849e-08
9.513113839285718e-04	9.737723e-02	9.737713e-02	9.985496e-09
9.560546875000004e-04	8.789063e-02	8.789056e-02	6.725135e-09
9.620535714285718e-04	7.589286e-02	7.589283e-02	3.071282e-09
9.680524553571431e-04	6.389509e-02	6.389509e-02	-5.555656e-11
9.740513392857145e-04	5.189732e-02	5.189735e-02	-2.655380e-09
9.800502232142859e-04	3.989955e-02	3.989960e-02	-4.728187e-09
9.860491071428572e-04	2.790179e-02	2.790185e-02	-6.273980e-09
9.920479910714287e-04	1.590402e-02	1.590409e-02	-7.292757e-09
9.980468750000000e-04	3.906250e-03	3.906328e-03	-7.784520e-09
1.000000000000000e-03	0.000000e+00	-1.624142e-07	1.624142e-08
1.000013737748674e-03	2.747550e-05	2.736791e-05	1.075867e-08
1.000041213246022e-03	8.242649e-05	8.234642e-05	8.007111e-09
1.007511218626857e-03	1.502244e-02	1.502235e-02	8.366844e-09
1.014981224007691e-03	2.996245e-02	2.996235e-02	9.715364e-09
1.022451229388526e-03	4.490246e-02	4.490234e-02	1.205267e-08
1.029921234769361e-03	5.984247e-02	5.984232e-02	1.537876e-08
1.037391240150195e-03	7.478248e-02	7.478228e-02	1.969364e-08
1.044861245531030e-03	8.972249e-02	8.972224e-02	2.499730e-08
1.052331250911865e-03	1.046625e-01	1.046622e-01	3.128975e-08
1.056795536626151e-03	1.135911e-01	1.135907e-01	3.594853e-08
1.061259822340436e-03	1.225196e-01	1.225192e-01	4.266725e-08
1.065724108054722e-03	1.314482e-01	1.314477e-01	5.144591e-08
1.070188393769008e-03	1.403768e-01	1.403762e-01	6.228451e-08
1.074652679483294e-03	1.493054e-01	1.493046e-01	7.518306e-08
1.079116965197579e-03	1.582339e-01	1.582330e-01	9.014155e-08
1.083581250911865e-03	1.671625e-01	1.671614e-01	1.071600e-07
1.089440625911865e-03	1.788813e-01	1.788799e-01	1.370366e-07
1.095300000911865e-03	1.906000e-01	1.905982e-01	1.757164e-07
1.101159375911865e-03	2.023188e-01	2.023165e-01	2.257967e-07
1.105065625911865e-03	2.101313e-01	2.101286e-01	2.671402e-07
1.108971875911865e-03	2.179438e-01	2.179406e-01	3.162557e-07
1.112878125911865e-03	2.257563e-01	2.257525e-01	3.746050e-07
1.116784375911865e-03	2.335688e-01	2.335643e-01	4.439248e-07
1.120690625911865e-03	2.413813e-01	2.413760e-01	5.262785e-07
1.124596875911865e-03	2.491938e-01	2.491875e-01	6.241170e-07
1.128503125911865e-03	2.570063e-01	2.569988e-01	7.403521e-07
1.132409375911865e-03	2.648188e-01	2.648100e-01	8.784429e-07
1.134362500911865e-03	2.687250e-01	2.687154e-01	9.569396e-07
1.136315625911865e-03	2.726313e-01	2.726208e-01	1.042498e-06
1.138268750911865e-03	2.765375e-01	2.765262e-01	1.135754e-06
1.140221875911865e-03	2.804438e-01	2.804314e-01	1.237398e-06
1.142175000911865e-03	2.843500e-01	2.843365e-01	1.348187e-06
1.144128125911865e-03	2.882563e-01	2.882416e-01	1.468940e-06
1.146081250911865e-03	2.921625e-01	2.921465e-01	1.600556e-06
1.148034375911865e-03	2.960688e-01	2.960513e-01	1.744009e-06
1.149987500911865e-03	2.999750e-01	2.999560e-01	1.900364e-06
1.151940625911865e-03	3.038813e-01	3.038605e-01	2.070780e-06
1.153893750911865e-03	3.077875e-01	3.077649e-01	2.256521e-06
1.155846875911865e-03	3.116938e-01	3.116692e-01	2.458963e-06
1.157800000911865e-03	3.156000e-01	3.155732e-01	2.679607e-06
1.159753125911865e-03	3.195063e-01	3.194771e-01	2.920087e-06
1.161706250911865e-03	3.234125e-01	3.233807e-01	3.182183e-06
1.163659375911865e-03	3.273188e-01	3.272841e-01	3.467836e-06
1.165612500911865e-03	3.312250e-01	3.311872e-01	3.779161e-06
1.167565625911865e-03	3.351313e-01	3.350901e-01	4.118459e-06
1.169518750911865e-03	3.390375e-01	3.389926e-01	4.488239e-06
1.171471875911865e-03	3.429438e-01	3.428949e-01	4.891235e-06
1.173425000911865e-03	3.468500e-01	3.467967e-01	5.330422e-06
1.175378125911865e-03	3.507563e-01	3.506982e-01	5.809043e-06
1.177331250911865e-03	3.546625e-01	3.545992e-01	6.330628e-06
1.179284375911865e-03	3.585688e-01	3.584998e-01	6.899022e-06
1.181237500911865e-03	3.624750e-01	3.623998e-01	7.518412e-06
1.183190625911865e-03	3.663813e-01	3.662993e-01	8.193357e-06
1.185143750911865e-03	3.702875e-01	3.701982e-01	8.928819e-06
1.187096875911865e-03	3.741938e-01	3.740965e-01	9.730202e-06
1.189050000911865e-03	3.781000e-01	3.779940e-01	1.060339e-05
1.191003125911865e-03	3.820063e-01	3.818907e-01	1.155477e-05
1.192956250911865e-03	3.859125e-01	3.857866e-01	1.259132e-05
1.194909375911865e-03	3.898188e-01	3.896815e-01	1.372061e-05
1.196862500911865e-03	3.937250e-01	3.935755e-01	1.495089e-05
1.198815625911865e-03	3.976313e-01	3.974683e-01	1.629111e-05
1.200768750911865e-03	4.015375e-01	4.013600e-01	1.775103e-05
1.202721875911865e-03	4.054438e-01	4.052503e-01	1.934125e-05
1.204675000911865e-03	4.093500e-01	4.091393e-01	2.107328e-05
1.206628125911865e-03	4.132563e-01	4.130267e-01	2.295964e-05
1.208581250911865e-03	4.171625e-01	4.169124e-01	2.501392e-05
1.210534375911865e-03	4.210688e-01	4.207962e-01	2.725090e-05
1.212487500911865e-03	4.249750e-01	4.246781e-01	2.968660e-05
1.214440625911865e-03	4.288813e-01	4.285579e-01	3.233842e-05
1.216393750911865e-03	4.327875e-01	4.324353e-01	3.522525e-05
1.218346875911865e-03	4.366938e-01	4.363101e-01	3.836753e-05
1.220300000911865e-03	4.406000e-01	4.401821e-01	4.178746e-05
1.222253125911865e-03	4.445063e-01	4.440512e-01	4.550908e-05
1.224206250911865e-03	4.484125e-01	4.479169e-01	4.955839e-05
1.226159375911865e-03	4.523188e-01	4.517791e-01	5.396356e-05
1.228112500911865e-03	4.562250e-01	4.556375e-01	5.875504e-05
1.230065625911865e-03	4.601313e-01	4.594916e-01	6.396574e-05
1.232018750911865e-03	4.640375e-01	4.633412e-01	6.963118e-05
1.233971875911865e-03	4.679438e-01	4.671859e-01	7.578972e-05
1.235925000911865e-03	4.718500e-01	4.710252e-01	8.248269e-05
1.237878125911865e-03	4.757563e-01	4.748587e-01	8.975460e-05
1.239831250911865e-03	4.796625e-01	4.786860e-01	9.765334e-05
1.241784375911865e-03	4.835688e-01	4.825065e-01	1.062304e-04
1.243737500911865e-03	4.874750e-01	4.863196e-01	1.155410e-04
1.245690625911865e-03	4.913813e-01	4.901248e-01	1.256443e-04
1.247643750911865e-03	4.952875e-01	4.939215e-01	1.366038e-04
1.249596875911865e-03	4.991938e-01	4.977089e-01	1.484872e-04
1.251550000911865e-03	5.031000e-01	5.014863e-01	1.613668e-04
1.253503125911865e-03	5.070062e-01	5.052531e-01	1.753196e-04
1.255456250911865e-03	5.109125e-01	5.090082e-01	1.904273e-04
1.257409375911865e-03	5.148187e-01	5.127510e-01	2.067769e-04
1.259362500911865e-03	5.187250e-01	5.164804e-01	2.244602e-04
1.261315625911865e-03	5.226312e-01	5.201955e-01	2.435743e-04
1.263268750911865e-03	5.265375e-01	5.238953e-01	2.642212e-04
1.265221875911865e-03	5.304437e-01	5.275787e-01	2.865085e-04
1.267175000911865e-03	5.343500e-01	5.312445e-01	3.105484e-04
1.269128125911865e-03	5.382562e-01	5.348917e-01	3.364583e-04
1.271081250911865e-03	5.421625e-01	5.385189e-01	3.643601e-04
1.273034375911865e-03	5.460687e-01	5.421250e-01	3.943805e-04
1.274987500911865e-03	5.499750e-01	5.457085e-01	4.266498e-04
1.276940625911865e-03	5.538812e-01	5.492682e-01	4.613026e-04
1.278893750911865e-03	5.577875e-01	5.528027e-01	4.984760e-04
1.280846875911865e-03	5.616937e-01	5.563107e-01	5.383102e-04
1.282800000911865e-03	5.656000e-01	5.597906e-01	5.809469e-04
1.286706250911865e-03	5.734125e-01	5.666605e-01	6.752010e-04
1.290612500911865e-03	5.812250e-01	5.734012e-01	7.823812e-04
1.294518750911865e-03	5.890375e-01	5.800015e-01	9.036063e-04
1.298425000911865e-03	5.968500e-01	5.864506e-01	1.039940e-03
1.302331250911865e-03	6.046625e-01	5.927389e-01	1.192359e-03
1.306237500911865e-03	6.124750e-01	5.988578e-01	1.361723e-03
1.310143750911865e-03	6.202875e-01	6.048000e-01	1.548749e-03
1.314050000911865e-03	6.281000e-01	6.105601e-01	1.753994e-03
1.317956250911865e-03	6.359125e-01	6.161341e-01	1.977842e-03
1.323815625911865e-03	6.476312e-01	6.241423e-01	2.348900e-03
1.329675000911865e-03	6.593500e-01	6.317277e-01	2.762227e-03
1.335534375911865e-03	6.710687e-01	6.388984e-01	3.217039e-03
1.342230804483294e-03	6.844616e-01	6.465170e-01	3.794464e-03
1.348927233054722e-03	6.978544e-01	6.537270e-01	4.412749e-03
1.355623661626151e-03	7.112473e-01	6.605284e-01	5.071895e-03
1.362320090197579e-03	7.246402e-01	6.669212e-01	5.771902e-03
1.369016518769008e-03	7.380330e-01	6.729054e-01	6.512769e-03
1.375712947340437e-03	7.514259e-01	6.784810e-01	7.294496e-03
1.382409375911865e-03	7.648187e-01	6.836479e-01	8.117083e-03
1.394407143769008e-03	7.888143e-01	6.921084e-01	9.670586e-03
1.406404911626151e-03	8.128098e-01	7.000326e-01	1.127772e-02
1.418402679483294e-03	8.368053e-01	7.074205e-01	1.293849e-02
1.430400447340437e-03	8.608009e-01	7.142720e-01	1.465289e-02
1.442398215197580e-03	8.847964e-01	7.205872e-01	1.642092e-02
1.454395983054723e-03	9.087919e-01	7.263661e-01	1.824259e-02
1.466393750911865e-03	9.327875e-01	7.316086e-01	2.011789e-02
1.500114687682375e-03	9.997706e-01	7.452962e-01	2.544744e-02
1.514557099178258e-03	9.708858e-01	7.398683e-01	2.310175e-02
1.528999510674140e-03	9.420010e-01	7.338704e-01	2.081306e-02
1.543441922170023e-03	9.131161e-01	7.273027e-01	1.858135e-02
1.557884333665906e-03	8.842313e-01	7.201650e-01	1.640663e-02
1.572326745161789e-03	8.553465e-01	7.124574e-01	1.428891e-02
1.586769156657672e-03	8.264617e-01	7.041799e-01	1.222818e-02
1.601211568153555e-03	7.975768e-01	6.953325e-01	1.022443e-02
1.608466032439269e-03	7.830679e-01	6.904537e-01	9.261419e-03
1.615720496724984e-03	7.685590e-01	6.851792e-01	8.337977e-03
1.622974961010698e-03	7.540501e-01	6.795090e-01	7.454108e-03
1.630229425296412e-03	7.395411e-01	6.734430e-01	6.609812e-03
1.637483889582126e-03	7.250322e-01	6.669813e-01	5.805090e-03
1.644738353867841e-03	7.105233e-01	6.601239e-01	5.039941e-03
1.651992818153555e-03	6.960143e-01	6.528707e-01	4.314365e-03
1.659526300296412e-03	6.809474e-01	6.446729e-01	3.627455e-03
1.667059782439269e-03	6.658804e-01	6.357980e-01	3.008240e-03
1.674593264582126e-03	6.508135e-01	6.262463e-01	2.456720e-03
1.682126746724984e-03	6.357465e-01	6.160176e-01	1.972896e-03
1.689660228867841e-03	6.206795e-01	6.051119e-01	1.556767e-03
1.697193711010698e-03	6.056126e-01	5.935293e-01	1.208333e-03
1.704727193153555e-03	5.905456e-01	5.812697e-01	9.275939e-04
1.708633443153555e-03	5.827331e-01	5.746968e-01	8.036327e-04
1.712539693153555e-03	5.749206e-01	5.679814e-01	6.939252e-04
1.716445943153555e-03	5.671081e-01	5.611345e-01	5.973591e-04
1.718399068153555e-03	5.632018e-01	5.576654e-01	5.536475e-04
1.720352193153555e-03	5.592956e-01	5.541677e-01	5.127924e-04
1.722305318153555e-03	5.553893e-01	5.506428e-01	4.746511e-04
1.724258443153555e-03	5.514831e-01	5.470923e-01	4.390828e-04
1.726211568153555e-03	5.475768e-01	5.435174e-01	4.059489e-04
1.728164693153555e-03	5.436706e-01	5.399195e-01	3.751139e-04
1.730117818153555e-03	5.397643e-01	5.362999e-01	3.464455e-04
1.732070943153555e-03	5.358581e-01	5.326599e-01	3.198158e-04
1.734024068153555e-03	5.319518e-01	5.290009e-01	2.951008e-04
1.735977193153555e-03	5.280456e-01	5.253238e-01	2.721815e-04
1.737930318153555e-03	5.241393e-01	5.216299e-01	2.509436e-04
1.739883443153555e-03	5.202331e-01	5.179204e-01	2.312778e-04
1.741836568153555e-03	5.163268e-01	5.141960e-01	2.130800e-04
1.743789693153555e-03	5.124206e-01	5.104581e-01	1.962511e-04
1.745742818153555e-03	5.085143e-01	5.067074e-01	1.806975e-04
1.747695943153555e-03	5.046081e-01	5.029448e-01	1.663303e-04
1.749649068153555e-03	5.007018e-01	4.991712e-01	1.530660e-04
1.751602193153555e-03	4.967956e-01	4.953874e-01	1.408256e-04
1.753555318153555e-03	4.928894e-01	4.915940e-01	1.295352e-04
1.755508443153555e-03	4.889831e-01	4.877919e-01	1.191254e-04
1.757461568153555e-03	4.850769e-01	4.839815e-01	1.095312e-04
1.759414693153555e-03	4.811706e-01	4.801637e-01	1.006918e-04
1.761367818153555e-03	4.772644e-01	4.763389e-01	9.255064e-05
1.763320943153555e-03	4.733581e-01	4.725076e-01	8.505477e-05
1.765274068153555e-03	4.694519e-01	4.686703e-01	7.815503e-05
1.767227193153555e-03	4.655456e-01	4.648275e-01	7.180568e-05
1.769180318153555e-03	4.616394e-01	4.609797e-01	6.596425e-05
1.771133443153555e-03	4.577331e-01	4.571272e-01	6.059129e-05
1.773086568153555e-03	4.538269e-01	4.532704e-01	5.565028e-05
1.775039693153555e-03	4.499206e-01	4.494095e-01	5.110735e-05
1.776992818153555e-03	4.460144e-01	4.455450e-01	4.693117e-05
1.778945943153555e-03	4.421081e-01	4.416772e-01	4.309275e-05
1.780899068153555e-03	4.382019e-01	4.378062e-01	3.956532e-05
1.782852193153555e-03	4.342956e-01	4.339324e-01	3.632412e-05
1.784805318153555e-03	4.303894e-01	4.300559e-01	3.334630e-05
1.786758443153555e-03	4.264831e-01	4.261770e-01	3.061079e-05
1.788711568153555e-03	4.225769e-01	4.222959e-01	2.809813e-05
1.790664693153555e-03	4.186706e-01	4.184127e-01	2.579041e-05
1.792617818153555e-03	4.147644e-01	4.145277e-01	2.367110e-05
1.794570943153555e-03	4.108581e-01	4.106409e-01	2.172498e-05
1.796524068153555e-03	4.069519e-01	4.067525e-01	1.993804e-05
1.798477193153555e-03	4.030456e-01	4.028627e-01	1.829737e-05
1.800430318153555e-03	3.991394e-01	3.989715e-01	1.679111e-05
1.802383443153555e-03	3.952331e-01	3.950790e-01	1.540831e-05
1.804336568153555e-03	3.913269e-01	3.911855e-01	1.413894e-05
1.806289693153555e-03	3.874206e-01	3.872909e-01	1.297375e-05
1.808242818153555e-03	3.835144e-01	3.833953e-01	1.190423e-05
1.810195943153555e-03	3.796081e-01	3.794989e-01	1.092258e-05
1.812149068153555e-03	3.757019e-01	3.756016e-01	1.002161e-05
1.814102193153555e-03	3.717956e-01	3.717037e-01	9.194716e-06
1.816055318153555e-03	3.678894e-01	3.678050e-01	8.435839e-06
1.818008443153555e-03	3.639831e-01	3.639057e-01	7.739402e-06
1.819961568153555e-03	3.600769e-01	3.600059e-01	7.100288e-06
1.821914693153555e-03	3.561706e-01	3.561055e-01	6.513791e-06
1.823867818153555e-03	3.522644e-01	3.522046e-01	5.975594e-06
1.825820943153555e-03	3.483581e-01	3.483033e-01	5.481730e-06
1.827774068153555e-03	3.444519e-01	3.444016e-01	5.028555e-06
1.829727193153555e-03	3.405456e-01	3.404995e-01	4.612726e-06
1.831680318153555e-03	3.366394e-01	3.365971e-01	4.231171e-06
1.833633443153555e-03	3.327331e-01	3.326943e-01	3.881070e-06
1.835586568153555e-03	3.288269e-01	3.287913e-01	3.559836e-06
1.837539693153555e-03	3.249206e-01	3.248880e-01	3.265092e-06
1.839492818153555e-03	3.210144e-01	3.209844e-01	2.994656e-06
1.841445943153555e-03	3.171081e-01	3.170806e-01	2.746528e-06
1.843399068153555e-03	3.132019e-01	3.131767e-01	2.518869e-06
1.845352193153555e-03	3.092956e-01	3.092725e-01	2.309993e-06
1.847305318153555e-03	3.053894e-01	3.053682e-01	2.118351e-06
1.849258443153555e-03	3.014831e-01	3.014637e-01	1.942524e-06
1.851211568153555e-03	2.975769e-01	2.975591e-01	1.781208e-06
1.853164693153555e-03	2.936706e-01	2.936543e-01	1.633205e-06
1.855117818153555e-03	2.897644e-01	2.897494e-01	1.497418e-06
1.857070943153555e-03	2.858581e-01	2.858444e-01	1.372840e-06
1.859024068153555e-03	2.819519e-01	2.819393e-01	1.258547e-06
1.860977193153555e-03	2.780456e-01	2.780341e-01	1.153688e-06
1.862930318153555e-03	2.741394e-01	2.741288e-01	1.057488e-06
1.864883443153555e-03	2.702331e-01	2.702234e-01	9.692297e-07
1.866836568153555e-03	2.663269e-01	2.663180e-01	8.882594e-07
1.868789693153555e-03	2.624206e-01	2.624125e-01	8.139751e-07
1.872695943153555e-03	2.546081e-01	2.546013e-01	6.833034e-07
1.876602193153555e-03	2.467956e-01	2.467899e-01	5.733241e-07
1.880508443153555e-03	2.389831e-01	2.389783e-01	4.807621e-07
1.884414693153555e-03	2.311706e-01	2.311666e-01	4.028605e-07
1.888320943153555e-03	2.233581e-01	2.233547e-01	3.372983e-07
1.892227193153555e-03	2.155456e-01	2.155428e-01	2.821222e-07
1.896133443153555e-03	2.077331e-01	2.077308e-01	2.356878e-07
1.900039693153555e-03	1.999206e-01	1.999187e-01	1.966110e-07
1.905899068153555e-03	1.882019e-01	1.882004e-01	1.492942e-07
1.911758443153555e-03	1.764831e-01	1.764820e-01	1.127694e-07
1.917617818153555e-03	1.647644e-01	1.647635e-01	8.457739e-08
1.923477193153555e-03	1.530456e-01	1.530450e-01	6.281947e-08
1.925151300296412e-03	1.496974e-01	1.496968e-01	5.763017e-08
1.926825407439269e-03	1.463492e-01	1.463487e-01	5.275423e-08
1.928499514582127e-03	1.430010e-01	1.430005e-01	4.819165e-08
1.930173621724984e-03	1.396528e-01	1.396523e-01	4.394244e-08
1.931847728867841e-03	1.363045e-01	1.363041e-01	4.000658e-08
1.933521836010698e-03	1.329563e-01	1.329560e-01	3.638409e-08
1.935195943153555e-03	1.296081e-01	1.296078e-01	3.307496e-08
1.937149068153555e-03	1.257019e-01	1.257016e-01	2.945188e-08
1.943287461010698e-03	1.134251e-01	1.134249e-01	2.083984e-08
1.949425853867840e-03	1.011483e-01	1.011482e-01	1.347770e-08
1.955564246724982e-03	8.887151e-02	8.887143e-02	7.365447e-09
1.961702639582125e-03	7.659472e-02	7.659470e-02	2.503087e-09
1.967841032439268e-03	6.431794e-02	6.431795e-02	-1.109380e-09
1.973979425296410e-03	5.204115e-02	5.204118e-02	-3.471956e-09
1.980117818153552e-03	3.976436e-02	3.976441e-02	-4.584640e-09
1.998748738692905e-03	2.502523e-03	2.502601e-03	-7.864557e-09
2.000000000000000e-03	3.885781e-15	-2.212532e-07	-7.936782e-09
