#TIME ms, IN1, IN2, MATH
1, -3.152694, 2.741096, -2.946895
0.998, -3.149805, 2.743984, -2.946895
0.996, -3.146917, 2.743984, -2.945451
0.994, -3.139696, 2.743984, -2.94184
0.992, -3.136808, 2.74254, -2.939674
0.99, -3.135364, 2.741096, -2.93823
0.988, -3.131031, 2.743984, -2.937508
0.986, -3.128142, 2.74254, -2.935341
0.984, -3.126698, 2.743984, -2.935341
0.982, -3.12381, 2.74254, -2.933175
0.98, -3.122365, 2.743984, -2.933175
0.979, -3.116589, 2.743984, -2.930286
0.977, -3.116589, 2.74254, -2.929564
0.975, -3.1137, 2.743984, -2.928843
0.973, -3.110812, 2.743984, -2.927398
0.971, -3.107924, 2.74254, -2.925232
0.969, -3.105035, 2.743984, -2.92451
0.967, -3.103591, 2.743984, -2.923788
0.965, -3.099258, 2.745429, -2.922343
0.963, -3.097814, 2.745429, -2.921621
0.961, -3.099258, 2.743984, -2.921621
0.959, -3.094926, 2.745429, -2.920177
0.957, -3.094926, 2.745429, -2.920177
0.955, -3.090593, 2.745429, -2.918011
0.953, -3.087705, 2.745429, -2.916567
0.951, -3.087705, 2.746873, -2.917289
0.949, -3.084816, 2.746873, -2.915845
0.947, -3.063153, 2.749761, -2.906457
0.945, -3.005385, 2.746873, -2.876129
0.943, -2.964947, 2.748317, -2.856632
0.941, -2.92451, 2.745429, -2.834969
0.939, -2.879739, 2.743984, -2.811862
0.938, -2.839302, 2.745429, -2.792365
0.936, -2.806085, 2.745429, -2.775757
0.934, -2.767092, 2.745429, -2.75626
0.932, -2.719433, 2.746873, -2.733153
0.93, -2.677551, 2.749761, -2.713656
0.928, -2.637114, 2.746873, -2.691993
0.926, -2.606785, 2.749761, -2.678273
0.924, -2.567792, 2.748317, -2.658055
0.922, -2.52591, 2.749761, -2.637836
0.92, -2.488361, 2.746873, -2.617617
0.918, -2.44359, 2.746873, -2.595232
0.916, -2.404597, 2.749761, -2.577179
0.914, -2.374269, 2.749761, -2.562015
0.912, -2.335275, 2.75265, -2.543962
0.91, -2.290505, 2.751205, -2.520855
0.908, -2.250067, 2.75265, -2.501359
0.906, -2.211074, 2.754094, -2.482584
0.904, -2.18219, 2.75265, -2.46742
0.902, -2.14464, 2.75265, -2.448645
0.9, -2.101315, 2.754094, -2.427704
0.898, -2.066654, 2.754094, -2.410374
0.896, -2.023328, 2.754094, -2.388711
0.895, -1.995888, 2.754094, -2.374991
0.893, -1.954006, 2.75265, -2.353328
0.891, -1.912124, 2.751205, -2.331665
0.889, -1.876019, 2.75265, -2.314334
0.887, -1.831249, 2.756982, -2.294116
0.885, -1.796588, 2.755538, -2.276063
0.883, -1.761927, 2.758427, -2.260177
0.881, -1.727266, 2.759871, -2.243568
0.879, -1.68394, 2.759871, -2.221905
0.877, -1.643502, 2.762759, -2.203131
0.875, -1.603065, 2.762759, -2.182912
0.873, -1.572736, 2.762759, -2.167748
0.871, -1.532299, 2.765647, -2.148973
0.869, -1.493305, 2.765647, -2.129476
0.867, -1.455756, 2.765647, -2.110702
0.865, -1.413874, 2.764203, -2.089039
0.863, -1.382102, 2.767092, -2.074597
0.861, -1.348885, 2.768536, -2.058711
0.859, -1.31278, 2.764203, -2.038492
0.857, -1.275231, 2.765647, -2.020439
0.855, -1.237681, 2.765647, -2.001664
0.854, -1.201576, 2.765647, -1.983612
0.852, -1.169804, 2.767092, -1.968448
0.85, -1.135143, 2.767092, -1.951117
0.848, -1.093261, 2.767092, -1.930176
0.846, -1.060045, 2.768536, -1.91429
0.844, -1.018163, 2.765647, -1.891905
0.842, -0.992167, 2.765647, -1.878907
0.84, -0.951729, 2.767092, -1.859411
0.838, -0.91418, 2.76998, -1.84208
0.836, -0.878075, 2.76998, -1.824028
0.834, -0.836193, 2.772869, -1.804531
0.832, -0.800088, 2.772869, -1.786478
0.83, -0.766872, 2.775757, -1.771314
0.828, -0.730766, 2.774313, -1.75254
0.826, -0.691773, 2.774313, -1.733043
0.824, -0.657112, 2.772869, -1.71499
0.822, -0.622451, 2.774313, -1.698382
0.82, -0.593567, 2.771424, -1.682496
0.818, -0.556018, 2.772869, -1.664443
0.816, -0.518469, 2.771424, -1.644946
0.814, -0.486696, 2.772869, -1.629782
0.813, -0.446259, 2.772869, -1.609564
0.811, -0.410154, 2.774313, -1.592233
0.809, -0.378381, 2.772869, -1.575625
0.807, -0.34372, 2.774313, -1.559016
0.805, -0.304727, 2.775757, -1.540242
0.803, -0.265733, 2.775757, -1.520745
0.801, -0.229628, 2.78009, -1.504859
0.799, -0.1993, 2.781534, -1.490417
0.797, -0.164639, 2.781534, -1.473086
0.795, -0.121313, 2.784422, -1.452868
0.793, -0.089541, 2.782978, -1.436259
0.791, -0.051991, 2.784422, -1.418207
0.789, -0.02744, 2.784422, -1.405931
0.787, 0.007221, 2.778646, -1.385712
0.785, 0.038993, 2.778646, -1.369826
0.783, 0.07221, 2.775757, -1.351774
0.781, 0.112648, 2.777201, -1.332277
0.779, 0.142976, 2.775757, -1.316391
0.777, 0.17186, 2.775757, -1.301949
0.775, 0.209409, 2.777201, -1.283896
0.773, 0.245514, 2.775757, -1.265121
0.771, 0.283064, 2.775757, -1.246347
0.77, 0.320613, 2.778646, -1.229016
0.768, 0.346609, 2.778646, -1.216018
0.766, 0.387046, 2.784422, -1.198688
0.764, 0.427484, 2.787311, -1.179913
0.762, 0.463589, 2.787311, -1.161861
0.76, 0.502582, 2.787311, -1.142364
0.758, 0.532911, 2.787311, -1.1272
0.756, 0.563239, 2.787311, -1.112036
0.754, 0.5979, 2.788755, -1.095428
0.752, 0.635449, 2.788755, -1.076653
0.75, 0.671554, 2.790199, -1.059322
0.748, 0.704771, 2.787311, -1.04127
0.746, 0.730766, 2.790199, -1.029716
0.744, 0.768316, 2.791643, -1.011664
0.742, 0.807309, 2.791643, -0.992167
0.74, 0.843414, 2.793087, -0.974837
0.738, 0.880963, 2.793087, -0.956062
0.736, 0.905515, 2.793087, -0.943786
0.734, 0.945953, 2.794532, -0.92429
0.732, 0.977725, 2.794532, -0.908403
0.73, 1.018163, 2.794532, -0.888184
0.729, 1.049935, 2.794532, -0.872298
0.727, 1.084596, 2.79742, -0.856412
0.725, 1.116369, 2.800308, -0.84197
0.723, 1.151029, 2.801753, -0.825362
0.721, 1.191467, 2.800308, -0.804421
0.719, 1.220351, 2.798864, -0.789257
0.717, 1.260789, 2.801753, -0.770482
0.715, 1.28534, 2.801753, -0.758206
0.713, 1.322889, 2.804641, -0.740876
0.711, 1.358994, 2.803197, -0.722101
0.709, 1.390767, 2.801753, -0.705493
0.707, 1.42976, 2.806085, -0.688163
0.705, 1.460089, 2.806085, -0.672998
0.703, 1.49475, 2.807529, -0.65639
0.701, 1.525078, 2.807529, -0.641226
0.699, 1.562627, 2.810418, -0.623895
0.697, 1.600176, 2.810418, -0.605121
0.695, 1.634837, 2.811862, -0.588512
0.693, 1.662277, 2.813306, -0.575515
0.691, 1.699826, 2.813306, -0.55674
0.689, 1.733043, 2.813306, -0.540132
0.688, 1.76626, 2.81475, -0.524245
0.686, 1.805253, 2.81475, -0.504749
0.684, 1.82836, 2.81475, -0.493195
0.682, 1.870242, 2.817639, -0.473698
0.68, 1.902014, 2.817639, -0.457812
0.678, 1.936675, 2.820527, -0.441926
0.676, 1.97278, 2.819083, -0.423151
0.674, 2.005997, 2.823416, -0.408709
0.672, 2.034881, 2.821971, -0.393545
0.67, 2.065209, 2.823416, -0.379103
0.668, 2.104203, 2.823416, -0.359607
0.666, 2.135975, 2.82486, -0.344442
0.664, 2.176413, 2.826304, -0.324946
0.662, 2.19952, 2.827748, -0.314114
0.66, 2.237069, 2.829193, -0.296062
0.658, 2.273175, 2.830637, -0.278731
0.656, 2.306391, 2.832081, -0.262845
0.654, 2.345385, 2.833525, -0.24407
0.652, 2.378601, 2.837858, -0.229628
0.65, 2.404597, 2.840746, -0.218074
0.648, 2.439258, 2.84219, -0.201466
0.646, 2.479696, 2.846523, -0.183414
0.645, 2.514356, 2.845079, -0.165361
0.643, 2.551906, 2.849411, -0.148753
0.641, 2.576457, 2.849411, -0.136477
0.639, 2.614007, 2.853744, -0.119869
0.637, 2.651556, 2.856632, -0.102538
0.635, 2.683328, 2.862409, -0.08954
0.633, 2.720877, 2.865298, -0.07221
0.631, 2.741096, 2.862409, -0.060657
0.629, 2.778646, 2.866742, -0.044048
0.627, 2.811862, 2.868186, -0.028162
0.625, 2.847967, 2.873963, -0.012998
0.623, 2.881184, 2.876851, 0.002166
0.621, 2.915845, 2.881184, 0.017331
0.619, 2.944729, 2.886961, 0.028884
0.617, 2.976501, 2.891293, 0.042604
0.615, 3.01405, 2.899959, 0.057046
0.613, 3.047267, 2.908623, 0.069322
0.611, 3.084816, 2.920177, 0.08232
0.609, 3.107924, 2.928842, 0.089541
0.607, 3.145473, 2.950506, 0.097484
0.605, 3.183022, 2.976501, 0.103261
0.604, 3.220571, 3.009718, 0.105427
0.602, 3.259565, 3.047267, 0.106149
0.6, 3.294226, 3.083372, 0.105427
0.598, 3.32311, 3.112256, 0.105427
0.596, 3.353438, 3.152694, 0.100372
0.594, 3.390987, 3.190243, 0.100372
0.592, 3.42276, 3.226348, 0.098206
0.59, 3.460309, 3.266786, 0.096762
0.588, 3.48486, 3.292781, 0.09604
0.586, 3.520965, 3.331775, 0.094595
0.584, 3.555626, 3.36788, 0.093873
0.582, 3.587399, 3.406873, 0.090263
0.58, 3.626392, 3.445867, 0.090263
0.578, 3.648055, 3.471863, 0.088096
0.576, 3.687048, 3.5123, 0.087374
0.574, 3.718821, 3.545517, 0.086652
0.572, 3.756371, 3.585955, 0.085208
0.57, 3.789587, 3.620615, 0.084486
0.568, 3.82136, 3.656721, 0.082319
0.566, 3.853132, 3.685604, 0.083764
0.564, 3.88346, 3.724598, 0.079431
0.563, 3.925342, 3.763591, 0.080875
0.561, 3.957114, 3.801141, 0.077987
0.559, 3.996108, 3.841578, 0.077265
0.557, 4.017771, 3.86613, 0.07582
0.555, 4.056765, 3.903679, 0.076543
0.553, 4.088537, 3.939784, 0.074376
0.551, 4.124642, 3.978777, 0.072932
0.549, 4.156415, 4.011994, 0.07221
0.547, 4.191075, 4.050988, 0.070044
0.545, 4.219959, 4.075539, 0.07221
0.543, 4.250288, 4.113088, 0.0686
0.541, 4.289281, 4.153526, 0.067877
0.539, 4.321054, 4.186743, 0.067155
0.537, 4.358603, 4.228625, 0.064989
0.535, 4.384598, 4.253176, 0.065711
0.533, 4.420703, 4.29217, 0.064267
0.531, 4.455364, 4.328274, 0.063545
0.529, 4.487137, 4.362936, 0.062101
0.527, 4.527575, 4.404817, 0.061379
0.525, 4.549237, 4.429368, 0.059934
0.523, 4.588231, 4.469806, 0.059212
0.521, 4.621448, 4.501579, 0.059934
0.52, 4.657553, 4.543461, 0.057046
0.518, 4.695102, 4.578122, 0.05849
0.516, 4.729763, 4.611338, 0.059212
0.514, 4.75287, 4.641666, 0.055602
0.512, 4.787531, 4.676327, 0.055602
0.51, 4.822192, 4.710988, 0.055602
0.508, 4.853964, 4.745649, 0.054157
0.506, 4.864074, 4.758647, 0.052713
0.504, 4.864074, 4.758647, 0.052713
0.502, 4.858297, 4.758647, 0.049825
0.5, 4.85252, 4.755758, 0.048381
0.498, 4.845299, 4.754314, 0.045493
0.496, 4.839522, 4.751426, 0.044048
0.494, 4.83519, 4.748538, 0.043326
0.492, 4.830857, 4.747093, 0.041882
0.49, 4.826524, 4.745649, 0.040437
0.488, 4.822192, 4.742761, 0.039716
0.486, 4.817859, 4.739872, 0.038994
0.484, 4.813527, 4.736984, 0.038271
0.482, 4.809194, 4.738428, 0.035383
0.48, 4.719654, 4.656109, 0.031772
0.479, 4.667662, 4.605561, 0.03105
0.477, 4.624336, 4.568012, 0.028162
0.475, 4.582454, 4.527575, 0.02744
0.473, 4.552126, 4.500134, 0.025996
0.471, 4.510244, 4.462585, 0.023829
0.469, 4.46403, 4.422148, 0.020941
0.467, 4.423592, 4.38171, 0.020941
0.465, 4.375933, 4.339828, 0.018053
0.463, 4.33694, 4.303723, 0.016608
0.461, 4.302279, 4.267618, 0.01733
0.459, 4.260397, 4.231513, 0.014442
0.457, 4.218515, 4.193964, 0.012276
0.455, 4.173745, 4.150638, 0.011554
0.453, 4.134751, 4.114532, 0.010109
0.451, 4.100091, 4.081316, 0.009387
0.449, 4.062541, 4.045211, 0.008665
0.447, 4.014883, 4.003329, 0.005777
0.445, 3.975889, 3.967224, 0.004333
0.443, 3.934007, 3.925342, 0.004333
0.441, 3.889237, 3.886349, 0.001444
0.439, 3.858909, 3.85602, 0.001444
0.438, 3.815583, 3.817027, -0.000722
0.436, 3.778033, 3.779478, -0.000722
0.434, 3.734707, 3.740484, -0.002888
0.432, 3.697158, 3.705823, -0.004333
0.43, 3.665385, 3.675495, -0.005055
0.428, 3.626392, 3.63939, -0.006499
0.426, 3.58451, 3.598952, -0.007221
0.424, 3.544073, 3.559959, -0.007943
0.422, 3.505079, 3.520965, -0.007943
0.42, 3.468974, 3.490637, -0.010832
0.418, 3.429981, 3.454532, -0.012276
0.416, 3.388099, 3.414094, -0.012998
0.414, 3.351994, 3.380878, -0.014442
0.412, 3.308668, 3.34044, -0.015886
0.41, 3.274007, 3.302891, -0.014442
0.408, 3.24079, 3.272563, -0.015886
0.406, 3.200352, 3.236457, -0.018052
0.404, 3.165691, 3.198908, -0.016608
0.402, 3.120921, 3.158471, -0.018775
0.4, 3.083372, 3.122365, -0.019497
0.398, 3.050155, 3.092037, -0.020941
0.396, 3.01405, 3.055932, -0.020941
0.395, 2.972169, 3.015495, -0.021663
0.393, 2.936063, 2.980834, -0.022385
0.391, 2.892737, 2.944729, -0.025996
0.389, 2.8523, 2.910068, -0.028884
0.387, 2.826304, 2.886961, -0.030328
0.385, 2.785866, 2.865298, -0.039716
0.383, 2.746873, 2.845079, -0.049103
0.381, 2.703547, 2.830637, -0.063545
0.379, 2.667442, 2.820527, -0.076543
0.377, 2.635669, 2.813306, -0.088818
0.375, 2.601008, 2.806085, -0.102538
0.373, 2.559127, 2.801753, -0.121313
0.371, 2.521577, 2.79742, -0.137921
0.369, 2.482584, 2.791643, -0.15453
0.367, 2.452256, 2.788755, -0.168249
0.365, 2.414706, 2.784422, -0.184858
0.363, 2.37138, 2.781534, -0.205077
0.361, 2.33672, 2.778646, -0.220963
0.359, 2.294837, 2.774313, -0.239738
0.357, 2.263065, 2.777201, -0.257068
0.355, 2.234181, 2.777201, -0.27151
0.354, 2.198076, 2.775757, -0.288841
0.352, 2.161971, 2.775757, -0.306893
0.35, 2.120089, 2.772869, -0.32639
0.348, 2.088317, 2.771424, -0.341554
0.346, 2.0551, 2.771424, -0.358162
0.344, 2.020439, 2.768536, -0.374048
0.342, 1.977113, 2.768536, -0.395711
0.34, 1.943896, 2.765647, -0.410875
0.338, 1.904903, 2.767092, -0.431094
0.336, 1.878907, 2.765647, -0.44337
0.334, 1.839914, 2.765647, -0.462867
0.332, 1.80092, 2.765647, -0.482364
0.33, 1.763371, 2.764203, -0.500416
0.328, 1.722934, 2.762759, -0.519913
0.326, 1.688273, 2.764203, -0.537965
0.324, 1.655056, 2.762759, -0.553852
0.322, 1.624728, 2.761315, -0.568294
0.32, 1.582846, 2.759871, -0.588513
0.318, 1.546741, 2.759871, -0.606565
0.316, 1.51208, 2.761315, -0.624618
0.314, 1.483196, 2.761315, -0.639059
0.313, 1.447091, 2.759871, -0.65639
0.311, 1.408097, 2.758427, -0.675165
0.309, 1.374881, 2.759871, -0.692495
0.307, 1.332999, 2.759871, -0.713436
0.305, 1.29545, 2.758427, -0.731489
0.303, 1.26801, 2.758427, -0.745209
0.301, 1.227572, 2.756982, -0.764705
0.299, 1.1958, 2.756982, -0.780591
0.297, 1.155362, 2.755538, -0.800088
0.295, 1.120701, 2.755538, -0.817419
0.293, 1.088929, 2.755538, -0.833305
0.291, 1.054268, 2.755538, -0.850635
0.289, 1.01383, 2.75265, -0.86941
0.287, 0.979169, 2.751205, -0.886018
0.285, 0.940176, 2.749761, -0.904793
0.283, 0.912736, 2.748317, -0.917791
0.281, 0.875187, 2.748317, -0.936565
0.279, 0.839082, 2.754094, -0.957506
0.277, 0.810198, 2.755538, -0.97267
0.275, 0.772648, 2.755538, -0.991445
0.273, 0.739432, 2.755538, -1.008053
0.271, 0.709103, 2.754094, -1.022495
0.27, 0.675887, 2.756982, -1.040548
0.268, 0.638337, 2.755538, -1.0586
0.266, 0.599344, 2.754094, -1.077375
0.264, 0.566127, 2.755538, -1.094705
0.262, 0.532911, 2.75265, -1.109869
0.26, 0.501138, 2.754094, -1.126478
0.258, 0.459256, 2.75265, -1.146697
0.256, 0.42604, 2.75265, -1.163305
0.254, 0.38849, 2.751205, -1.181358
0.252, 0.350941, 2.749761, -1.19941
0.25, 0.324946, 2.749761, -1.212408
0.248, 0.285952, 2.751205, -1.232627
0.246, 0.251291, 2.749761, -1.249235
0.244, 0.210854, 2.746873, -1.26801
0.242, 0.179081, 2.748317, -1.284618
0.24, 0.150197, 2.751205, -1.300504
0.238, 0.118425, 2.751205, -1.31639
0.236, 0.08232, 2.751205, -1.334443
0.234, 0.046214, 2.751205, -1.352495
0.232, 0.011554, 2.751205, -1.369826
0.23, -0.01733, 2.751205, -1.384268
0.229, -0.053435, 2.748317, -1.400876
0.227, -0.093873, 2.751205, -1.422539
0.225, -0.121313, 2.749761, -1.435537
0.223, -0.163195, 2.748317, -1.455756
0.221, -0.193523, 2.75265, -1.473086
0.219, -0.220963, 2.75265, -1.486806
0.217, -0.255624, 2.751205, -1.503415
0.215, -0.293173, 2.749761, -1.521467
0.213, -0.333611, 2.748317, -1.540964
0.211, -0.363939, 2.748317, -1.556128
0.209, -0.3986, 2.746873, -1.572736
0.207, -0.430372, 2.748317, -1.589345
0.205, -0.465033, 2.746873, -1.605953
0.203, -0.499694, 2.748317, -1.624006
0.201, -0.530022, 2.75265, -1.641336
0.199, -0.564683, 2.75265, -1.658666
0.197, -0.584902, 2.754094, -1.669498
0.195, -0.62534, 2.756982, -1.691161
0.193, -0.655668, 2.755538, -1.705603
0.191, -0.693217, 2.758427, -1.725822
0.189, -0.726434, 2.756982, -1.741708
0.188, -0.75965, 2.756982, -1.758316
0.186, -0.791423, 2.754094, -1.772758
0.184, -0.830416, 2.75265, -1.791533
0.182, -0.866521, 2.754094, -1.810308
0.18, -0.898294, 2.75265, -1.825472
0.178, -0.928622, 2.751205, -1.839914
0.176, -0.961839, 2.751205, -1.856522
0.174, -1.000832, 2.75265, -1.876741
0.172, -1.03116, 2.75265, -1.891905
0.17, -1.070154, 2.749761, -1.909958
0.168, -1.104815, 2.75265, -1.928732
0.166, -1.13081, 2.75265, -1.94173
0.164, -1.169804, 2.75265, -1.961227
0.162, -1.198688, 2.751205, -1.974947
0.16, -1.24057, 2.75265, -1.99661
0.158, -1.272342, 2.751205, -2.011774
0.156, -1.30267, 2.749761, -2.026216
0.154, -1.338776, 2.748317, -2.043546
0.152, -1.373436, 2.748317, -2.060877
0.15, -1.409541, 2.748317, -2.078929
0.148, -1.444202, 2.748317, -2.09626
0.146, -1.486084, 2.746873, -2.116479
0.145, -1.507747, 2.749761, -2.128754
0.143, -1.546741, 2.748317, -2.147529
0.141, -1.575625, 2.748317, -2.161971
0.139, -1.608841, 2.749761, -2.179301
0.137, -1.646391, 2.749761, -2.198076
0.135, -1.675275, 2.746873, -2.211074
0.133, -1.71138, 2.745429, -2.228404
0.131, -1.743152, 2.748317, -2.245735
0.129, -1.782146, 2.745429, -2.263787
0.127, -1.816807, 2.743984, -2.280396
0.125, -1.848579, 2.746873, -2.297726
0.123, -1.876019, 2.746873, -2.311446
0.121, -1.912124, 2.746873, -2.329499
0.119, -1.945341, 2.749761, -2.347551
0.117, -1.980001, 2.751205, -2.365603
0.115, -2.016107, 2.751205, -2.383656
0.113, -2.039214, 2.749761, -2.394487
0.111, -2.078207, 2.748317, -2.413262
0.109, -2.108536, 2.748317, -2.428426
0.107, -2.148973, 2.748317, -2.448645
0.105, -2.176413, 2.751205, -2.463809
0.104, -2.211074, 2.748317, -2.479696
0.102, -2.239958, 2.748317, -2.494138
0.1, -2.277507, 2.746873, -2.51219
0.098, -2.316501, 2.745429, -2.530965
0.096, -2.352606, 2.74254, -2.547573
0.094, -2.391599, 2.741096, -2.566348
0.092, -2.417595, 2.743984, -2.58079
0.09, -2.455144, 2.739652, -2.597398
0.088, -2.491249, 2.738208, -2.614728
0.086, -2.524466, 2.738208, -2.631337
0.084, -2.557683, 2.739652, -2.648667
0.082, -2.58079, 2.741096, -2.660943
0.08, -2.618339, 2.741096, -2.679718
0.078, -2.651556, 2.74254, -2.697048
0.076, -2.689105, 2.741096, -2.715101
0.074, -2.719433, 2.74254, -2.730987
0.072, -2.75265, 2.74254, -2.747595
0.07, -2.781534, 2.741096, -2.761315
0.068, -2.820527, 2.741096, -2.780812
0.066, -2.855188, 2.741096, -2.798142
0.064, -2.886961, 2.741096, -2.814028
0.063, -2.925954, 2.741096, -2.833525
0.061, -2.949061, 2.741096, -2.845079
0.059, -2.98661, 2.741096, -2.863853
0.057, -3.01405, 2.748317, -2.881184
0.055, -3.04149, 2.748317, -2.894904
0.053, -3.081928, 2.743984, -2.912956
0.051, -3.103591, 2.743984, -2.923788
0.049, -3.142584, 2.739652, -2.941118
0.047, -3.16858, 2.739652, -2.954116
0.045, -3.193131, 2.736764, -2.964948
0.043, -3.21335, 2.738208, -2.975779
0.041, -3.233569, 2.741096, -2.987333
0.039, -3.24079, 2.738208, -2.989499
0.037, -3.232125, 2.741096, -2.98661
0.035, -3.224904, 2.74254, -2.983722
0.033, -3.220571, 2.74254, -2.981556
0.031, -3.21335, 2.74254, -2.977945
0.029, -3.210462, 2.74254, -2.976501
0.027, -3.206129, 2.745429, -2.975779
0.025, -3.201797, 2.745429, -2.973613
0.023, -3.194576, 2.746873, -2.970724
0.021, -3.191687, 2.748317, -2.970002
0.02, -3.190243, 2.745429, -2.967836
0.018, -3.184466, 2.743984, -2.964225
0.016, -3.183022, 2.743984, -2.963503
0.014, -3.178689, 2.743984, -2.961337
0.012, -3.175801, 2.739652, -2.957726
0.01, -3.171468, 2.74254, -2.957004
0.008, -3.170024, 2.741096, -2.95556
0.006, -3.164247, 2.745429, -2.954838
0.004, -3.157027, 2.746873, -2.95195
0.002, -3.157027, 2.743984, -2.950505
0, -3.15125, 2.74254, -2.946895
-0.002, -3.15125, 2.739652, -2.945451
-0.004, -3.145473, 2.741096, -2.943285
-0.006, -3.145473, 2.739652, -2.942562
-0.008, -3.14114, 2.739652, -2.940396
-0.01, -3.138252, 2.741096, -2.939674
-0.012, -3.135364, 2.738208, -2.936786
-0.014, -3.128142, 2.739652, -2.933897
-0.016, -3.125254, 2.743984, -2.934619
-0.018, -3.120921, 2.74254, -2.931731
-0.02, -3.120921, 2.741096, -2.931009
-0.021, -3.116589, 2.74254, -2.929564
-0.023, -3.115145, 2.743984, -2.929564
-0.025, -3.1137, 2.743984, -2.928843
-0.027, -3.107924, 2.743984, -2.925954
-0.029, -3.106479, 2.745429, -2.925954
-0.031, -3.105035, 2.745429, -2.925232
-0.033, -3.103591, 2.745429, -2.92451
-0.035, -3.099258, 2.745429, -2.922343
-0.037, -3.097814, 2.745429, -2.921621
-0.039, -3.094926, 2.75265, -2.923788
-0.041, -3.089149, 2.756982, -2.923066
-0.043, -3.093481, 2.749761, -2.921621
-0.045, -3.089149, 2.749761, -2.919455
-0.047, -3.090593, 2.748317, -2.919455
-0.049, -3.089149, 2.748317, -2.918733
-0.051, -3.089149, 2.746873, -2.918011
-0.053, -3.045823, 2.746873, -2.896348
-0.055, -3.003941, 2.749761, -2.876851
-0.057, -2.967836, 2.743984, -2.85591
-0.059, -2.927398, 2.746873, -2.837136
-0.061, -2.886961, 2.743984, -2.815473
-0.063, -2.843635, 2.74254, -2.793087
-0.064, -2.801753, 2.74254, -2.772146
-0.066, -2.772869, 2.741096, -2.756982
-0.068, -2.726654, 2.746873, -2.736763
-0.07, -2.687661, 2.746873, -2.717267
-0.072, -2.641446, 2.746873, -2.69416
-0.074, -2.602453, 2.748317, -2.675385
-0.076, -2.572124, 2.749761, -2.660943
-0.078, -2.530242, 2.748317, -2.63928
-0.08, -2.486917, 2.751205, -2.619061
-0.082, -2.447923, 2.75265, -2.600286
-0.084, -2.404597, 2.751205, -2.577901
-0.086, -2.37138, 2.75265, -2.562015
-0.088, -2.333831, 2.754094, -2.543962
-0.09, -2.286172, 2.755538, -2.520855
-0.092, -2.248623, 2.754094, -2.501359
-0.094, -2.205297, 2.756982, -2.48114
-0.096, -2.169192, 2.756982, -2.463087
-0.098, -2.140308, 2.755538, -2.447923
-0.1, -2.09987, 2.755538, -2.427704
-0.102, -2.063765, 2.755538, -2.409652
-0.104, -2.020439, 2.755538, -2.387989
-0.105, -1.981446, 2.755538, -2.368492
-0.107, -1.948229, 2.756982, -2.352606
-0.109, -1.912124, 2.755538, -2.333831
-0.111, -1.870242, 2.756982, -2.313612
-0.113, -1.832693, 2.758427, -2.29556
-0.115, -1.793699, 2.758427, -2.276063
-0.117, -1.75615, 2.758427, -2.257288
-0.119, -1.725822, 2.756982, -2.241402
-0.121, -1.68394, 2.761315, -2.222627
-0.123, -1.644946, 2.761315, -2.203131
-0.125, -1.60162, 2.762759, -2.18219
-0.127, -1.562627, 2.762759, -2.162693
-0.129, -1.532299, 2.765647, -2.148973
-0.131, -1.49475, 2.764203, -2.129477
-0.133, -1.4572, 2.764203, -2.110702
-0.135, -1.418207, 2.761315, -2.089761
-0.137, -1.38499, 2.761315, -2.073153
-0.139, -1.354662, 2.761315, -2.057988
-0.141, -1.320001, 2.761315, -2.040658
-0.143, -1.278119, 2.762759, -2.020439
-0.145, -1.246347, 2.761315, -2.003831
-0.146, -1.207353, 2.762759, -1.985056
-0.148, -1.166916, 2.761315, -1.964115
-0.15, -1.139476, 2.759871, -1.949673
-0.152, -1.099038, 2.764203, -1.931621
-0.154, -1.062933, 2.762759, -1.912846
-0.156, -1.019607, 2.765647, -1.892627
-0.158, -0.984946, 2.765647, -1.875297
-0.16, -0.954618, 2.767092, -1.860855
-0.162, -0.91418, 2.771424, -1.842802
-0.164, -0.875187, 2.771424, -1.823305
-0.166, -0.837637, 2.76998, -1.803809
-0.168, -0.805865, 2.771424, -1.788645
-0.17, -0.762539, 2.771424, -1.766982
-0.172, -0.737987, 2.772869, -1.755428
-0.174, -0.698994, 2.772869, -1.735931
-0.176, -0.661445, 2.772869, -1.717157
-0.178, -0.623895, 2.774313, -1.699104
-0.18, -0.583458, 2.774313, -1.678885
-0.182, -0.556018, 2.775757, -1.665887
-0.184, -0.517024, 2.775757, -1.646391
-0.186, -0.483808, 2.775757, -1.629782
-0.188, -0.44337, 2.777201, -1.610286
-0.189, -0.407265, 2.777201, -1.592233
-0.191, -0.378381, 2.777201, -1.577791
-0.193, -0.345164, 2.774313, -1.559739
-0.195, -0.303282, 2.777201, -1.540242
-0.197, -0.268622, 2.777201, -1.522911
-0.199, -0.229628, 2.781534, -1.505581
-0.201, -0.190635, 2.781534, -1.486084
-0.203, -0.164639, 2.78009, -1.472364
-0.205, -0.124201, 2.784422, -1.454312
-0.207, -0.092429, 2.781534, -1.436981
-0.209, -0.051991, 2.782978, -1.417485
-0.211, -0.018775, 2.782978, -1.400876
-0.213, 0.004333, 2.78009, -1.387879
-0.215, 0.036105, 2.777201, -1.370548
-0.217, 0.067878, 2.774313, -1.353218
-0.219, 0.105427, 2.775757, -1.335165
-0.221, 0.138643, 2.772869, -1.317113
-0.223, 0.180525, 2.774313, -1.296894
-0.225, 0.205077, 2.775757, -1.28534
-0.227, 0.24407, 2.774313, -1.265121
-0.229, 0.278731, 2.774313, -1.247791
-0.23, 0.31628, 2.777201, -1.23046
-0.232, 0.356718, 2.778646, -1.210964
-0.234, 0.384158, 2.784422, -1.200132
-0.236, 0.424596, 2.784422, -1.179913
-0.238, 0.457812, 2.785866, -1.164027
-0.24, 0.499694, 2.788755, -1.14453
-0.242, 0.532911, 2.787311, -1.1272
-0.244, 0.564683, 2.790199, -1.112758
-0.246, 0.599344, 2.788755, -1.094705
-0.248, 0.634005, 2.790199, -1.078097
-0.25, 0.672998, 2.790199, -1.0586
-0.252, 0.701882, 2.790199, -1.044158
-0.254, 0.740876, 2.791643, -1.025384
-0.256, 0.763983, 2.788755, -1.012386
-0.258, 0.805865, 2.790199, -0.992167
-0.26, 0.837637, 2.790199, -0.976281
-0.262, 0.873742, 2.790199, -0.958228
-0.264, 0.911292, 2.791643, -0.940176
-0.266, 0.935843, 2.793087, -0.928622
-0.268, 0.974837, 2.791643, -0.908403
-0.27, 1.008053, 2.794532, -0.893239
-0.271, 1.047047, 2.795976, -0.874465
-0.273, 1.083152, 2.795976, -0.856412
-0.275, 1.112036, 2.798864, -0.843414
-0.277, 1.148141, 2.798864, -0.825362
-0.279, 1.18569, 2.801753, -0.808031
-0.281, 1.221795, 2.800308, -0.789257
-0.283, 1.255012, 2.803197, -0.774093
-0.285, 1.29545, 2.803197, -0.753874
-0.287, 1.320001, 2.804641, -0.74232
-0.289, 1.360439, 2.806085, -0.722823
-0.291, 1.389323, 2.806085, -0.708381
-0.293, 1.42976, 2.806085, -0.688163
-0.295, 1.464421, 2.806085, -0.670832
-0.297, 1.488973, 2.806085, -0.658556
-0.299, 1.527966, 2.807529, -0.639782
-0.301, 1.559739, 2.807529, -0.623895
-0.303, 1.600176, 2.808974, -0.604399
-0.305, 1.62906, 2.807529, -0.589235
-0.307, 1.669498, 2.810418, -0.57046
-0.309, 1.694049, 2.811862, -0.558906
-0.311, 1.727266, 2.811862, -0.542298
-0.313, 1.767704, 2.811862, -0.522079
-0.314, 1.799476, 2.813306, -0.506915
-0.316, 1.839914, 2.816195, -0.48814
-0.318, 1.863021, 2.81475, -0.475865
-0.32, 1.899126, 2.81475, -0.457812
-0.322, 1.933787, 2.817639, -0.441926
-0.324, 1.97278, 2.817639, -0.422429
-0.326, 2.01033, 2.821971, -0.405821
-0.328, 2.036325, 2.823416, -0.393545
-0.33, 2.069542, 2.823416, -0.376937
-0.332, 2.107091, 2.82486, -0.358884
-0.334, 2.140308, 2.826304, -0.342998
-0.336, 2.174969, 2.827748, -0.32639
-0.338, 2.212518, 2.832081, -0.309782
-0.34, 2.237069, 2.832081, -0.297506
-0.342, 2.274619, 2.832081, -0.278731
-0.344, 2.30928, 2.834969, -0.262845
-0.346, 2.348273, 2.837858, -0.244792
-0.348, 2.38149, 2.839302, -0.228906
-0.35, 2.404597, 2.840746, -0.218074
-0.352, 2.447923, 2.845079, -0.198578
-0.354, 2.476807, 2.846523, -0.184858
-0.355, 2.5158, 2.847967, -0.166083
-0.357, 2.551906, 2.8523, -0.150197
-0.359, 2.588011, 2.855188, -0.133589
-0.361, 2.615451, 2.858076, -0.121313
-0.363, 2.650111, 2.859521, -0.104705
-0.365, 2.689105, 2.862409, -0.086652
-0.367, 2.717989, 2.863853, -0.072932
-0.369, 2.754094, 2.865298, -0.055602
-0.371, 2.777201, 2.865298, -0.044048
-0.373, 2.813306, 2.868186, -0.02744
-0.375, 2.843635, 2.872519, -0.014442
-0.377, 2.881184, 2.875407, 0.002888
-0.379, 2.917289, 2.882628, 0.01733
-0.381, 2.943285, 2.886961, 0.028162
-0.383, 2.979389, 2.892737, 0.043326
-0.385, 3.01405, 2.899959, 0.057046
-0.387, 3.048711, 2.911512, 0.0686
-0.389, 3.083372, 2.921622, 0.080875
-0.391, 3.120921, 2.937508, 0.091707
-0.393, 3.145473, 2.950506, 0.097484
-0.395, 3.181578, 2.976501, 0.102538
-0.396, 3.219127, 3.011162, 0.103983
-0.398, 3.253788, 3.044379, 0.104705
-0.4, 3.292781, 3.083372, 0.104705
-0.402, 3.314445, 3.112256, 0.101094
-0.404, 3.354882, 3.15125, 0.101816
-0.406, 3.388099, 3.187355, 0.100372
-0.408, 3.421316, 3.227792, 0.096762
-0.41, 3.45742, 3.263897, 0.096761
-0.412, 3.489193, 3.300003, 0.094595
-0.414, 3.519521, 3.333219, 0.093151
-0.416, 3.552738, 3.369324, 0.091707
-0.418, 3.591731, 3.408318, 0.091707
-0.42, 3.623504, 3.442979, 0.090263
-0.422, 3.661053, 3.483416, 0.088819
-0.424, 3.687048, 3.510856, 0.088096
-0.426, 3.721709, 3.548405, 0.086652
-0.428, 3.754926, 3.583066, 0.08593
-0.43, 3.789587, 3.62206, 0.083764
-0.432, 3.825692, 3.658165, 0.083764
-0.434, 3.853132, 3.687048, 0.083042
-0.436, 3.886349, 3.727486, 0.079431
-0.438, 3.922453, 3.762147, 0.080153
-0.439, 3.957114, 3.802585, 0.077265
-0.441, 3.991776, 3.83869, 0.076543
-0.443, 4.026436, 3.876239, 0.075099
-0.445, 4.052432, 3.899346, 0.076543
-0.447, 4.084205, 3.935452, 0.074377
-0.449, 4.124642, 3.975889, 0.074376
-0.451, 4.152082, 4.01055, 0.070766
-0.453, 4.19252, 4.046655, 0.072932
-0.455, 4.217071, 4.074095, 0.071488
-0.457, 4.253176, 4.113088, 0.070044
-0.459, 4.287837, 4.150638, 0.0686
-0.461, 4.321054, 4.188187, 0.066433
-0.463, 4.360047, 4.22718, 0.066433
-0.465, 4.391819, 4.260397, 0.065711
-0.467, 4.41926, 4.290725, 0.064267
-0.469, 4.45392, 4.323942, 0.064989
-0.471, 4.490026, 4.36438, 0.062823
-0.473, 4.523242, 4.401929, 0.060657
-0.475, 4.557903, 4.438034, 0.059934
-0.477, 4.585343, 4.465474, 0.059934
-0.479, 4.621448, 4.505911, 0.057768
-0.48, 4.657553, 4.540572, 0.05849
-0.482, 4.695102, 4.576677, 0.059212
-0.484, 4.728318, 4.615671, 0.056324
-0.486, 4.751426, 4.640222, 0.055602
-0.488, 4.79042, 4.679216, 0.055602
-0.49, 4.823636, 4.710988, 0.056324
-0.492, 4.856853, 4.749982, 0.053435
-0.494, 4.885736, 4.78031, 0.052713
-0.496, 4.892958, 4.787531, 0.052713
-0.498, 4.885736, 4.783198, 0.051269
-0.5, 4.87996, 4.781754, 0.049103
-0.502, 4.874183, 4.78031, 0.046937
-0.504, 4.869851, 4.777421, 0.046215
-0.506, 4.861185, 4.774533, 0.043326
-0.508, 4.859741, 4.774533, 0.042604
-0.51, 4.851076, 4.770201, 0.040437
-0.512, 4.849631, 4.768756, 0.040437
-0.514, 4.843855, 4.765868, 0.038994
-0.516, 4.839522, 4.764424, 0.037549
-0.518, 4.749982, 4.682104, 0.033939
-0.52, 4.712432, 4.644555, 0.033939
-0.521, 4.669106, 4.605561, 0.031773
-0.523, 4.62578, 4.566568, 0.029606
-0.525, 4.582454, 4.527575, 0.02744
-0.527, 4.539128, 4.490026, 0.024551
-0.529, 4.5088, 4.459697, 0.024552
-0.531, 4.465474, 4.420703, 0.022385
-0.533, 4.425036, 4.384598, 0.020219
-0.535, 4.380266, 4.342717, 0.018775
-0.537, 4.338384, 4.303723, 0.017331
-0.539, 4.300835, 4.269062, 0.015886
-0.541, 4.260397, 4.232957, 0.01372
-0.543, 4.215627, 4.189631, 0.012998
-0.545, 4.170856, 4.149193, 0.010832
-0.547, 4.134751, 4.113088, 0.010832
-0.549, 4.085649, 4.071207, 0.007221
-0.551, 4.059653, 4.042322, 0.008665
-0.553, 4.013439, 4.000441, 0.006499
-0.555, 3.975889, 3.96578, 0.005055
-0.557, 3.934007, 3.925342, 0.004333
-0.559, 3.887793, 3.886349, 0.000722
-0.561, 3.860353, 3.857465, 0.001444
-0.563, 3.814138, 3.818471, -0.002166
-0.564, 3.778033, 3.782366, -0.002166
-0.566, 3.736151, 3.741928, -0.002888
-0.568, 3.700047, 3.707268, -0.003611
-0.57, 3.658165, 3.66683, -0.004333
-0.572, 3.627836, 3.642278, -0.007221
-0.574, 3.587399, 3.600397, -0.006499
-0.576, 3.545517, 3.561403, -0.007943
-0.578, 3.505079, 3.522409, -0.008665
-0.58, 3.461753, 3.481972, -0.010109
-0.582, 3.434313, 3.454532, -0.010109
-0.584, 3.390987, 3.415539, -0.012276
-0.586, 3.356326, 3.382322, -0.012998
-0.588, 3.314445, 3.343328, -0.014442
-0.59, 3.275451, 3.304335, -0.014442
-0.592, 3.243679, 3.276895, -0.016608
-0.594, 3.201797, 3.236457, -0.01733
-0.596, 3.162803, 3.200352, -0.018775
-0.598, 3.118033, 3.158471, -0.020219
-0.6, 3.081928, 3.122365, -0.020219
-0.602, 3.040046, 3.077595, -0.018775
-0.604, 3.012606, 3.054488, -0.020941
-0.605, 2.975057, 3.018383, -0.021663
-0.607, 2.933175, 2.977945, -0.022385
-0.609, 2.89707, 2.944729, -0.023829
-0.611, 2.853744, 2.910068, -0.028162
-0.613, 2.827748, 2.888405, -0.030328
-0.615, 2.782978, 2.863853, -0.040438
-0.617, 2.745429, 2.845079, -0.049825
-0.619, 2.706435, 2.832081, -0.062823
-0.621, 2.665998, 2.820527, -0.077265
-0.623, 2.631337, 2.811862, -0.090263
-0.625, 2.59812, 2.806085, -0.103983
-0.627, 2.562015, 2.800308, -0.119147
-0.629, 2.520133, 2.79742, -0.138643
-0.631, 2.485472, 2.791643, -0.153085
-0.633, 2.442146, 2.787311, -0.172582
-0.635, 2.414706, 2.787311, -0.186302
-0.637, 2.374269, 2.781534, -0.203633
-0.639, 2.339608, 2.781534, -0.220963
-0.641, 2.29917, 2.777201, -0.239015
-0.643, 2.260177, 2.775757, -0.25779
-0.645, 2.238514, 2.775757, -0.268622
-0.646, 2.195188, 2.774313, -0.289563
-0.648, 2.160527, 2.775757, -0.307615
-0.65, 2.121533, 2.771424, -0.324945
-0.652, 2.086873, 2.772869, -0.342998
-0.654, 2.047879, 2.771424, -0.361773
-0.656, 2.018995, 2.76998, -0.375493
-0.658, 1.981446, 2.768536, -0.393545
-0.66, 1.939564, 2.768536, -0.414486
-0.662, 1.904903, 2.767092, -0.431094
-0.664, 1.867354, 2.767092, -0.449869
-0.666, 1.841358, 2.767092, -0.462867
-0.668, 1.80092, 2.764203, -0.481641
-0.67, 1.763371, 2.762759, -0.499694
-0.672, 1.727266, 2.765647, -0.519191
-0.674, 1.686828, 2.762759, -0.537965
-0.676, 1.652168, 2.762759, -0.555296
-0.678, 1.621839, 2.762759, -0.57046
-0.68, 1.587178, 2.758427, -0.585624
-0.682, 1.546741, 2.762759, -0.608009
-0.684, 1.514968, 2.759871, -0.622451
-0.686, 1.474531, 2.759871, -0.64267
-0.688, 1.447091, 2.761315, -0.657112
-0.689, 1.409541, 2.759871, -0.675165
-0.691, 1.371992, 2.761315, -0.694661
-0.693, 1.335887, 2.759871, -0.711992
-0.695, 1.29545, 2.758427, -0.731489
-0.697, 1.270898, 2.759871, -0.744486
-0.699, 1.229016, 2.758427, -0.764705
-0.701, 1.197244, 2.758427, -0.780591
-0.703, 1.15825, 2.758427, -0.800088
-0.705, 1.122145, 2.755538, -0.816696
-0.707, 1.08604, 2.756982, -0.835471
-0.709, 1.057156, 2.755538, -0.849191
-0.711, 1.021051, 2.755538, -0.867244
-0.713, 0.980613, 2.754094, -0.88674
-0.715, 0.945953, 2.751205, -0.902626
-0.717, 0.905515, 2.751205, -0.922845
-0.719, 0.878075, 2.751205, -0.936565
-0.721, 0.84197, 2.751205, -0.954618
-0.723, 0.807309, 2.75265, -0.97267
-0.725, 0.76976, 2.754094, -0.992167
-0.727, 0.733655, 2.755538, -1.010942
-0.729, 0.698994, 2.75265, -1.026828
-0.73, 0.671554, 2.754094, -1.04127
-0.732, 0.639782, 2.754094, -1.057156
-0.734, 0.599344, 2.75265, -1.076653
-0.736, 0.564683, 2.75265, -1.093983
-0.738, 0.522801, 2.75265, -1.114924
-0.74, 0.49825, 2.75265, -1.1272
-0.742, 0.462145, 2.751205, -1.14453
-0.744, 0.421707, 2.751205, -1.164749
-0.746, 0.392823, 2.751205, -1.179191
-0.748, 0.349497, 2.748317, -1.19941
-0.75, 0.327834, 2.749761, -1.210964
-0.752, 0.287396, 2.754094, -1.233349
-0.754, 0.251291, 2.749761, -1.249235
-0.756, 0.218075, 2.751205, -1.266565
-0.758, 0.179081, 2.751205, -1.286062
-0.76, 0.150197, 2.754094, -1.301949
-0.762, 0.121313, 2.751205, -1.314946
-0.764, 0.086652, 2.749761, -1.331555
-0.766, 0.047659, 2.75265, -1.352496
-0.768, 0.012998, 2.751205, -1.369104
-0.77, -0.021663, 2.75265, -1.387156
-0.771, -0.050547, 2.75265, -1.401598
-0.773, -0.089541, 2.751205, -1.420373
-0.775, -0.124201, 2.748317, -1.436259
-0.777, -0.155974, 2.751205, -1.45359
-0.779, -0.196412, 2.75265, -1.474531
-0.781, -0.229628, 2.749761, -1.489695
-0.783, -0.261401, 2.751205, -1.506303
-0.785, -0.290285, 2.751205, -1.520745
-0.787, -0.329278, 2.749761, -1.53952
-0.789, -0.366827, 2.75265, -1.559739
-0.791, -0.394267, 2.75265, -1.573459
-0.793, -0.424596, 2.754094, -1.589345
-0.795, -0.456368, 2.75265, -1.604509
-0.797, -0.499694, 2.749761, -1.624728
-0.799, -0.524245, 2.754094, -1.63917
-0.801, -0.560351, 2.755538, -1.657944
-0.803, -0.584902, 2.756982, -1.670942
-0.805, -0.618119, 2.758427, -1.688273
-0.807, -0.654224, 2.759871, -1.707047
-0.809, -0.685996, 2.761315, -1.723655
-0.811, -0.727878, 2.758427, -1.743152
-0.813, -0.758206, 2.756982, -1.757594
-0.814, -0.789979, 2.756982, -1.773481
-0.816, -0.82464, 2.754094, -1.789367
-0.818, -0.862189, 2.755538, -1.808864
-0.82, -0.895405, 2.755538, -1.825472
-0.822, -0.930066, 2.754094, -1.84208
-0.824, -0.95895, 2.75265, -1.8558
-0.826, -0.995055, 2.75265, -1.873853
-0.828, -1.032605, 2.751205, -1.891905
-0.83, -1.067266, 2.751205, -1.909235
-0.832, -1.109147, 2.751205, -1.930176
-0.834, -1.142364, 2.748317, -1.945341
-0.836, -1.16836, 2.748317, -1.958338
-0.838, -1.203021, 2.749761, -1.976391
-0.84, -1.236237, 2.746873, -1.991555
-0.842, -1.275231, 2.748317, -2.011774
-0.844, -1.308447, 2.748317, -2.028382
-0.846, -1.338776, 2.746873, -2.042824
-0.848, -1.370548, 2.746873, -2.058711
-0.85, -1.410986, 2.745429, -2.078207
-0.852, -1.444202, 2.746873, -2.095538
-0.854, -1.480307, 2.746873, -2.11359
-0.855, -1.507747, 2.746873, -2.12731
-0.857, -1.540964, 2.748317, -2.14464
-0.859, -1.577069, 2.746873, -2.161971
-0.861, -1.610286, 2.749761, -2.180023
-0.863, -1.650723, 2.748317, -2.19952
-0.865, -1.681051, 2.749761, -2.215406
-0.867, -1.71138, 2.748317, -2.229849
-0.869, -1.741708, 2.748317, -2.245013
-0.871, -1.779257, 2.746873, -2.263065
-0.873, -1.815362, 2.745429, -2.280396
-0.875, -1.850023, 2.748317, -2.29917
-0.877, -1.876019, 2.749761, -2.31289
-0.879, -1.906347, 2.748317, -2.327332
-0.881, -1.942452, 2.749761, -2.346107
-0.883, -1.975669, 2.751205, -2.363437
-0.885, -2.011774, 2.749761, -2.380768
-0.887, -2.03777, 2.749761, -2.393765
-0.889, -2.073875, 2.749761, -2.411818
-0.891, -2.108536, 2.749761, -2.429148
-0.893, -2.146085, 2.748317, -2.447201
-0.895, -2.186522, 2.746873, -2.466698
-0.896, -2.215406, 2.746873, -2.48114
-0.898, -2.247179, 2.745429, -2.496304
-0.9, -2.277507, 2.745429, -2.511468
-0.902, -2.317945, 2.743984, -2.530965
-0.904, -2.35405, 2.745429, -2.549739
-0.906, -2.385822, 2.743984, -2.564903
-0.908, -2.414706, 2.743984, -2.579345
-0.91, -2.450811, 2.74254, -2.596676
-0.912, -2.488361, 2.741096, -2.614728
-0.914, -2.521577, 2.743984, -2.632781
-0.916, -2.554794, 2.74254, -2.648667
-0.918, -2.588011, 2.74254, -2.665276
-0.92, -2.614007, 2.74254, -2.678273
-0.922, -2.644334, 2.746873, -2.695604
-0.924, -2.676107, 2.746873, -2.71149
-0.926, -2.719433, 2.743984, -2.731709
-0.928, -2.75265, 2.74254, -2.747595
-0.93, -2.784422, 2.74254, -2.763481
-0.932, -2.81475, 2.739652, -2.777201
-0.934, -2.859521, 2.735319, -2.79742
-0.936, -2.885516, 2.739652, -2.812584
-0.938, -2.923066, 2.739652, -2.831359
-0.939, -2.947617, 2.739652, -2.843634
-0.941, -2.982278, 2.74254, -2.862409
-0.943, -3.019827, 2.739652, -2.87974
-0.945, -3.050155, 2.741096, -2.895626
-0.947, -3.087705, 2.739652, -2.913678
-0.949, -3.116589, 2.74254, -2.929564
-0.951, -3.139696, 2.741096, -2.940396
-0.953, -3.165691, 2.741096, -2.953394
-0.955, -3.187355, 2.74254, -2.964948
-0.957, -3.209018, 2.74254, -2.975779
-0.959, -3.229237, 2.745429, -2.987333
-0.961, -3.235013, 2.74254, -2.988777
-0.963, -3.229237, 2.743984, -2.98661
-0.965, -3.226348, 2.743984, -2.985166
-0.967, -3.220571, 2.74254, -2.981556
-0.969, -3.216238, 2.741096, -2.978667
-0.971, -3.210462, 2.741096, -2.975779
-0.973, -3.209018, 2.739652, -2.974335
-0.975, -3.200352, 2.739652, -2.970002
-0.977, -3.198908, 2.741096, -2.970002
-0.979, -3.191687, 2.743984, -2.967836
-0.98, -3.188799, 2.739652, -2.964225
-0.982, -3.185911, 2.74254, -2.964226
-0.984, -3.181578, 2.745429, -2.963503
-0.986, -3.177245, 2.743984, -2.960615
-0.988, -3.172913, 2.743984, -2.958448
-0.99, -3.170024, 2.745429, -2.957726
-0.992, -3.167136, 2.745429, -2.956282
-0.994, -3.162803, 2.745429, -2.954116
-0.996, -3.158471, 2.745429, -2.95195
-0.998, -3.158471, 2.745429, -2.95195
