#time	V(in1)	V(in2)	I(R3)
0.000000000000000e+00	-6.059708e-04	-6.059707e-04	-6.635052e-15
6.817661111195601e-09	-6.065545e-04	-6.060208e-04	-5.336433e-10
1.363532222239120e-08	-6.068164e-04	-6.060522e-04	-7.641872e-10
2.045298333358680e-08	-6.067565e-04	-6.060648e-04	-6.916381e-10
2.727064444478241e-08	-6.063747e-04	-6.060587e-04	-3.159961e-10
3.408830555597801e-08	-6.056712e-04	-6.060339e-04	3.627387e-10
4.090596666717361e-08	-6.046458e-04	-6.059904e-04	1.344566e-09
4.772362777836920e-08	-6.032987e-04	-6.059282e-04	2.629487e-09
6.379510720598642e-08	-5.930928e-04	-6.035769e-04	1.048423e-08
9.424354277559392e-08	-5.530008e-04	-5.880287e-04	3.502801e-08
1.551404139148089e-07	-4.063802e-04	-5.120884e-04	1.057082e-07
2.207706253506143e-07	-1.449755e-04	-3.474482e-04	2.024727e-07
2.969802043429028e-07	3.042153e-04	-2.563314e-05	3.298484e-07
3.713150561007288e-07	9.020030e-04	4.500973e-04	4.519057e-07
4.953425381426588e-07	2.148060e-03	1.524586e-03	6.234737e-07
6.111122321363945e-07	3.474709e-03	2.742481e-03	7.322276e-07
7.136627746138383e-07	4.721375e-03	3.946980e-03	7.743951e-07
8.151204183189602e-07	5.940297e-03	5.171378e-03	7.689189e-07
9.241826052866218e-07	7.175989e-03	6.448539e-03	7.274502e-07
1.032896774877892e-06	8.300550e-03	7.632271e-03	6.682785e-07
1.163167331645738e-06	9.523664e-03	8.928252e-03	5.954116e-07
1.251108254923787e-06	1.028401e-02	9.728707e-03	5.552998e-07
1.349323325847045e-06	1.108721e-02	1.055999e-02	5.272183e-07
1.473402513442413e-06	1.208645e-02	1.157245e-02	5.140089e-07
1.594072998507735e-06	1.307634e-02	1.255567e-02	5.206721e-07
1.919760656999326e-06	1.594212e-02	1.536735e-02	5.747694e-07
2.085447921984496e-06	1.748600e-02	1.689193e-02	5.940642e-07
2.248108874948560e-06	1.901939e-02	1.842090e-02	5.984855e-07
2.655497872526224e-06	2.278699e-02	2.220850e-02	5.784805e-07
2.986999313798139e-06	2.577729e-02	2.520885e-02	5.684382e-07
3.992693628085872e-06	3.491725e-02	3.434348e-02	5.737684e-07
5.686954243162650e-06	5.033139e-02	4.976350e-02	5.678965e-07
7.381214858239427e-06	6.574478e-02	6.518231e-02	5.624696e-07
9.075475473316203e-06	8.115741e-02	8.059992e-02	5.574878e-07
1.076973608839298e-05	9.656927e-02	9.601632e-02	5.529511e-07
1.246399670346976e-05	1.119804e-01	1.114315e-01	5.488593e-07
1.415825731854654e-05	1.273907e-01	1.268455e-01	5.452127e-07
1.585251793362331e-05	1.428003e-01	1.422583e-01	5.420111e-07
2.617617864790904e-05	2.366806e-01	2.361571e-01	5.234512e-07
3.649983936219476e-05	3.305565e-01	3.300497e-01	5.067906e-07
4.682350007648049e-05	4.244281e-01	4.239360e-01	4.920293e-07
5.714716079076621e-05	5.182953e-01	5.178161e-01	4.791674e-07
6.747082150505195e-05	6.121582e-01	6.116900e-01	4.682048e-07
7.779448221933766e-05	7.060168e-01	7.055576e-01	4.591415e-07
8.811814293362336e-05	7.998710e-01	7.994190e-01	4.519775e-07
1.064984442729091e-04	9.669723e-01	9.665324e-01	4.399787e-07
1.248787456121948e-04	1.134073e+00	1.133644e+00	4.290821e-07
1.432590469514806e-04	1.301172e+00	1.300753e+00	4.192876e-07
1.616393482907663e-04	1.468270e+00	1.467860e+00	4.105953e-07
1.800196496300520e-04	1.635368e+00	1.634965e+00	4.030052e-07
1.983999509693378e-04	1.802464e+00	1.802068e+00	3.965172e-07
2.167802523086235e-04	1.969559e+00	1.969168e+00	3.911314e-07
2.187333773086235e-04	1.987309e+00	1.986734e+00	5.753880e-07
2.206865023086235e-04	2.004996e+00	2.002840e+00	2.156487e-06
2.217018081378827e-04	2.014142e+00	2.009267e+00	4.875458e-06
2.222302524640586e-04	2.018927e+00	2.011703e+00	7.223886e-06
2.228571406262157e-04	2.024628e+00	2.014207e+00	1.042073e-05
2.232535123975840e-04	2.028216e+00	2.015664e+00	1.255229e-05
2.238736789974625e-04	2.033854e+00	2.017772e+00	1.608223e-05
2.245978798819028e-04	2.040431e+00	2.020036e+00	2.039516e-05
2.257604922174172e-04	2.050998e+00	2.023310e+00	2.768765e-05
2.272341080824406e-04	2.064395e+00	2.027036e+00	3.735894e-05
2.291872330824406e-04	2.082154e+00	2.031525e+00	5.062924e-05
2.311403580824406e-04	2.099916e+00	2.035598e+00	6.431737e-05
2.350466080824406e-04	2.135440e+00	2.042797e+00	9.264321e-05
2.409059830824406e-04	2.188727e+00	2.052035e+00	1.366921e-04
2.481604473681549e-04	2.254696e+00	2.061355e+00	1.933409e-04
2.554149116538692e-04	2.320663e+00	2.070050e+00	2.506138e-04
2.626693759395835e-04	2.386628e+00	2.078117e+00	3.085106e-04
2.699238402252978e-04	2.452590e+00	2.085559e+00	3.670314e-04
2.771783045110121e-04	2.518551e+00	2.092374e+00	4.261761e-04
2.844327687967264e-04	2.584508e+00	2.098563e+00	4.859449e-04
2.916872330824407e-04	2.650464e+00	2.104126e+00	5.463376e-04
3.211671819278063e-04	2.918480e+00	2.124215e+00	7.942645e-04
3.506471307731719e-04	3.186493e+00	2.142852e+00	1.043641e-03
3.801270796185375e-04	3.454503e+00	2.160037e+00	1.294466e-03
4.096070284639032e-04	3.722511e+00	2.175770e+00	1.546741e-03
4.390869773092688e-04	3.990516e+00	2.190050e+00	1.800466e-03
4.685669261546344e-04	4.258518e+00	2.202879e+00	2.055639e-03
4.980468750000000e-04	4.526517e+00	2.214255e+00	2.312262e-03
5.000000000000000e-04	4.544272e+00	2.215041e+00	2.329231e-03
5.000128893502872e-04	4.544390e+00	2.215046e+00	2.329344e-03
5.000443672188496e-04	4.544617e+00	2.215056e+00	2.329561e-03
5.000758450874118e-04	4.544754e+00	2.215062e+00	2.329691e-03
5.001073229559742e-04	4.544801e+00	2.215065e+00	2.329736e-03
5.001388008245365e-04	4.544757e+00	2.215063e+00	2.329694e-03
5.001702786930988e-04	4.544624e+00	2.215057e+00	2.329567e-03
5.002017565616611e-04	4.544401e+00	2.215048e+00	2.329353e-03
5.002332344302235e-04	4.544088e+00	2.215034e+00	2.329054e-03
5.003471426031883e-04	4.542777e+00	2.214976e+00	2.327800e-03
5.005299878508026e-04	4.540547e+00	2.214878e+00	2.325670e-03
5.006754894047056e-04	4.539103e+00	2.214814e+00	2.324289e-03
5.008974995466355e-04	4.537153e+00	2.214727e+00	2.322425e-03
5.011195096885654e-04	4.535186e+00	2.214641e+00	2.320546e-03
5.013415198304954e-04	4.533204e+00	2.214553e+00	2.318651e-03
5.015635299724253e-04	4.531206e+00	2.214464e+00	2.316741e-03
5.017855401143553e-04	4.529192e+00	2.214375e+00	2.314816e-03
5.020075502562852e-04	4.527162e+00	2.214286e+00	2.312877e-03
5.022295603982151e-04	4.525116e+00	2.214195e+00	2.310922e-03
5.319438447039999e-04	4.254987e+00	2.202750e+00	2.052237e-03
5.616581290097847e-04	3.984860e+00	2.189812e+00	1.795048e-03
5.913724133155694e-04	3.714736e+00	2.175379e+00	1.539357e-03
6.210866976213542e-04	3.444616e+00	2.159454e+00	1.285162e-03
6.508009819271390e-04	3.174499e+00	2.142034e+00	1.032464e-03
6.805152662329238e-04	2.904384e+00	2.123121e+00	7.812633e-04
7.102295505387085e-04	2.634273e+00	2.102714e+00	5.315591e-04
7.172049969672799e-04	2.570867e+00	2.097284e+00	4.735824e-04
7.241804433958514e-04	2.507462e+00	2.091265e+00	4.161969e-04
7.311558898244228e-04	2.444060e+00	2.084657e+00	3.594028e-04
7.381313362529943e-04	2.380660e+00	2.077460e+00	3.032000e-04
7.451067826815658e-04	2.317262e+00	2.069674e+00	2.475885e-04
7.520822291101372e-04	2.253867e+00	2.061298e+00	1.925684e-04
7.590576755387086e-04	2.190473e+00	2.052334e+00	1.381395e-04
7.649170505387086e-04	2.137227e+00	2.043160e+00	9.406675e-05
7.688233005387086e-04	2.101730e+00	2.036030e+00	6.569964e-05
7.707764255387086e-04	2.083981e+00	2.032007e+00	5.197389e-05
7.727295505387086e-04	2.066230e+00	2.027544e+00	3.868582e-05
7.746826755387086e-04	2.048474e+00	2.022447e+00	2.602745e-05
7.766358005387086e-04	2.030708e+00	2.016294e+00	1.441385e-05
7.785889255387086e-04	2.012908e+00	2.008195e+00	4.712200e-06
7.799270971026805e-04	2.000665e+00	1.999928e+00	7.366633e-07
7.812953571267278e-04	1.988147e+00	1.988534e+00	-3.869673e-07
7.818524681101071e-04	1.983094e+00	1.983480e+00	-3.865613e-07
7.826235398848527e-04	1.976080e+00	1.976472e+00	-3.924517e-07
7.828351971675624e-04	1.974154e+00	1.974542e+00	-3.882726e-07
7.834078155600834e-04	1.968953e+00	1.969342e+00	-3.898301e-07
7.839804339526043e-04	1.963751e+00	1.964142e+00	-3.910509e-07
7.845530523451253e-04	1.958547e+00	1.958939e+00	-3.919351e-07
7.851256707376463e-04	1.953343e+00	1.953735e+00	-3.924825e-07
7.856982891301673e-04	1.948137e+00	1.948530e+00	-3.926934e-07
7.862709075226882e-04	1.942931e+00	1.943324e+00	-3.925675e-07
7.868435259152092e-04	1.937723e+00	1.938115e+00	-3.921050e-07
8.080488830580664e-04	1.744949e+00	1.745347e+00	-3.980599e-07
8.292542402009236e-04	1.552177e+00	1.552583e+00	-4.058149e-07
8.504595973437808e-04	1.359407e+00	1.359823e+00	-4.153702e-07
8.716649544866379e-04	1.166640e+00	1.167066e+00	-4.267256e-07
8.928703116294950e-04	9.738741e-01	9.743139e-01	-4.398813e-07
9.140756687723523e-04	7.811107e-01	7.815656e-01	-4.548371e-07
9.352810259152094e-04	5.883495e-01	5.888212e-01	-4.715931e-07
9.436515616294951e-04	5.122575e-01	5.127366e-01	-4.791514e-07
9.520220973437808e-04	4.361722e-01	4.366608e-01	-4.885738e-07
9.603926330580665e-04	3.600938e-01	3.605937e-01	-4.998604e-07
9.687631687723522e-04	2.840222e-01	2.845352e-01	-5.130112e-07
9.771337044866379e-04	2.079574e-01	2.084854e-01	-5.280262e-07
9.855042402009237e-04	1.318995e-01	1.324444e-01	-5.449054e-07
9.938747759152093e-04	5.584835e-02	5.641200e-02	-5.636488e-07
1.000000000000000e-03	2.239166e-04	8.051665e-04	-5.812499e-07
1.000008011259598e-03	1.512208e-04	7.324636e-04	-5.812428e-07
1.000020101858131e-03	3.665201e-05	6.207760e-04	-5.841240e-07
1.000032192456665e-03	-7.213413e-05	5.109569e-04	-5.830910e-07
1.000044283055198e-03	-1.751377e-04	4.030062e-04	-5.781439e-07
1.000056373653732e-03	-2.723586e-04	2.969240e-04	-5.692826e-07
1.000068464252266e-03	-3.637969e-04	1.927101e-04	-5.565071e-07
1.000080554850799e-03	-4.494526e-04	9.036475e-05	-5.398174e-07
1.000092645449333e-03	-5.293257e-04	-1.011220e-05	-5.192136e-07
1.000133450928461e-03	-7.413779e-04	-3.085211e-04	-4.328568e-07
1.000177416794904e-03	-8.731922e-04	-5.574840e-04	-3.157081e-07
1.000236941933711e-03	-8.745174e-04	-7.446298e-04	-1.298877e-07
1.000309520075713e-03	-6.095310e-04	-7.225668e-04	1.130358e-07
1.000402028215996e-03	9.895041e-05	-3.143377e-04	4.132881e-07
1.000496598301982e-03	1.168056e-03	4.940279e-04	6.740283e-07
1.000593220065994e-03	2.519270e-03	1.657838e-03	8.614324e-07
1.000694798178975e-03	4.067219e-03	3.106885e-03	9.603340e-07
1.000795870933237e-03	5.600424e-03	4.632456e-03	9.679693e-07
1.000887372752230e-03	6.893428e-03	5.981390e-03	9.120377e-07
1.000975001271664e-03	7.995863e-03	7.173602e-03	8.222603e-07
1.001061286928392e-03	8.946745e-03	8.226762e-03	7.199831e-07
1.001124286103122e-03	9.558436e-03	8.912661e-03	6.457757e-07
1.001172564145603e-03	9.977970e-03	9.383927e-03	5.940432e-07
1.001228874865398e-03	1.042647e-02	9.883914e-03	5.425533e-07
1.001288080063600e-03	1.086643e-02	1.036630e-02	5.001276e-07
1.001359211065549e-03	1.136915e-02	1.090316e-02	4.659845e-07
1.001438260240507e-03	1.191834e-02	1.146979e-02	4.485491e-07
1.001532939832999e-03	1.259191e-02	1.214004e-02	4.518674e-07
1.001641053228677e-03	1.341322e-02	1.293513e-02	4.780838e-07
1.001775532342775e-03	1.453525e-02	1.401017e-02	5.250743e-07
1.001956612749783e-03	1.617882e-02	1.559305e-02	5.857725e-07
1.002077238613655e-03	1.733596e-02	1.672346e-02	6.125007e-07
1.002202666220604e-03	1.856389e-02	1.794316e-02	6.207308e-07
1.002372564349025e-03	2.020620e-02	1.959521e-02	6.109916e-07
1.002744946060239e-03	2.362710e-02	2.305831e-02	5.687874e-07
1.002906501627233e-03	2.506467e-02	2.450451e-02	5.601548e-07
1.003097109710367e-03	2.676040e-02	2.619868e-02	5.617193e-07
1.003612154492581e-03	3.143946e-02	3.086262e-02	5.768464e-07
1.004581647560657e-03	4.027688e-02	3.970867e-02	5.682090e-07
1.013604479485406e-03	1.223450e-01	1.217971e-01	5.478768e-07
1.022627311410155e-03	2.044065e-01	2.038769e-01	5.296041e-07
1.031650143334904e-03	2.864614e-01	2.859480e-01	5.133909e-07
1.040672975259653e-03	3.685097e-01	3.680104e-01	4.992371e-07
1.049695807184402e-03	4.505513e-01	4.500642e-01	4.871428e-07
1.058718639109150e-03	5.325863e-01	5.321092e-01	4.771079e-07
1.067741471033899e-03	6.146147e-01	6.141456e-01	4.691325e-07
1.089225846033899e-03	8.099393e-01	8.094867e-01	4.526194e-07
1.110710221033899e-03	1.005262e+00	1.004824e+00	4.378766e-07
1.132194596033899e-03	1.200583e+00	1.200158e+00	4.249042e-07
1.153678971033899e-03	1.395902e+00	1.395489e+00	4.137021e-07
1.175163346033899e-03	1.591220e+00	1.590815e+00	4.042705e-07
1.196647721033899e-03	1.786535e+00	1.786139e+00	3.966092e-07
1.218132096033899e-03	1.981849e+00	1.981458e+00	3.907183e-07
1.220085221033899e-03	1.999567e+00	1.998503e+00	1.063378e-06
1.221149633060085e-03	2.009172e+00	2.006193e+00	2.978599e-06
1.221947186920962e-03	2.016372e+00	2.010387e+00	5.985052e-06
1.222848073845865e-03	2.024542e+00	2.014123e+00	1.041882e-05
1.223455472954500e-03	2.030054e+00	2.016339e+00	1.371577e-05
1.224104033440053e-03	2.035944e+00	2.018482e+00	1.746210e-05
1.224788455698463e-03	2.042164e+00	2.020578e+00	2.158632e-05
1.225608941884238e-03	2.049620e+00	2.022889e+00	2.673124e-05
1.227037225412105e-03	2.062605e+00	2.026581e+00	3.602408e-05
1.228467840750999e-03	2.075613e+00	2.029957e+00	4.565535e-05
1.230333318155452e-03	2.092576e+00	2.033966e+00	5.860995e-05
1.234239568155452e-03	2.128100e+00	2.041393e+00	8.670710e-05
1.240098943155452e-03	2.181387e+00	2.050846e+00	1.305414e-04
1.246795371726881e-03	2.242283e+00	2.059662e+00	1.826213e-04
1.253491800298309e-03	2.303176e+00	2.067895e+00	2.352812e-04
1.260188228869738e-03	2.364068e+00	2.075547e+00	2.885208e-04
1.266884657441166e-03	2.424957e+00	2.082617e+00	3.423403e-04
1.273581086012595e-03	2.485844e+00	2.089104e+00	3.967396e-04
1.280277514584024e-03	2.546728e+00	2.095010e+00	4.517188e-04
1.286973943155452e-03	2.607611e+00	2.100333e+00	5.072778e-04
1.316270818155452e-03	2.873964e+00	2.120808e+00	7.531561e-04
1.345567693155452e-03	3.140314e+00	2.139767e+00	1.000547e-03
1.374864568155452e-03	3.406661e+00	2.157210e+00	1.249451e-03
1.404161443155452e-03	3.673005e+00	2.173138e+00	1.499867e-03
1.433458318155452e-03	3.939346e+00	2.187550e+00	1.751796e-03
1.462755193155452e-03	4.205685e+00	2.200447e+00	2.005238e-03
1.492052068155452e-03	4.472020e+00	2.211828e+00	2.260192e-03
1.499543366589552e-03	4.540121e+00	2.214857e+00	2.325264e-03
1.500000000000002e-03	4.544272e+00	2.215040e+00	2.329231e-03
1.500006612973987e-03	4.544333e+00	2.215043e+00	2.329289e-03
1.500032017984088e-03	4.544550e+00	2.215053e+00	2.329497e-03
1.500057422994190e-03	4.544703e+00	2.215060e+00	2.329643e-03
1.500082828004291e-03	4.544790e+00	2.215064e+00	2.329726e-03
1.500108233014393e-03	4.544812e+00	2.215065e+00	2.329747e-03
1.500133638024494e-03	4.544768e+00	2.215063e+00	2.329705e-03
1.500159043034596e-03	4.544659e+00	2.215059e+00	2.329601e-03
1.500184448044697e-03	4.544485e+00	2.215051e+00	2.329434e-03
1.500242178324557e-03	4.544003e+00	2.215030e+00	2.328973e-03
1.500361349802573e-03	4.542593e+00	2.214968e+00	2.327624e-03
1.500542245528008e-03	4.540414e+00	2.214872e+00	2.325543e-03
1.500739332602329e-03	4.538540e+00	2.214789e+00	2.323751e-03
1.500917142993312e-03	4.536984e+00	2.214720e+00	2.322264e-03
1.501094953384295e-03	4.535414e+00	2.214651e+00	2.320763e-03
1.501272763775278e-03	4.533830e+00	2.214581e+00	2.319249e-03
1.501450574166261e-03	4.532231e+00	2.214510e+00	2.317721e-03
1.501628384557244e-03	4.530618e+00	2.214438e+00	2.316179e-03
1.501806194948227e-03	4.528990e+00	2.214366e+00	2.314624e-03
1.501984005339210e-03	4.527349e+00	2.214294e+00	2.313055e-03
1.595129228471742e-03	3.680586e+00	2.172997e+00	1.507589e-03
1.615183636953884e-03	3.498275e+00	2.163554e+00	1.334722e-03
1.635238045436027e-03	3.315968e+00	2.152840e+00	1.163128e-03
1.655292453918170e-03	3.133664e+00	2.140856e+00	9.928080e-04
1.675346862400313e-03	2.951364e+00	2.127602e+00	8.237618e-04
1.695401270882456e-03	2.769067e+00	2.113077e+00	6.559895e-04
1.715455679364599e-03	2.586774e+00	2.097283e+00	4.894909e-04
1.735510087846742e-03	2.404484e+00	2.080218e+00	3.242662e-04
1.739695355703884e-03	2.366444e+00	2.076108e+00	2.903359e-04
1.743880623561027e-03	2.328405e+00	2.071612e+00	2.567926e-04
1.748065891418170e-03	2.290367e+00	2.066731e+00	2.236362e-04
1.752251159275313e-03	2.252330e+00	2.061464e+00	1.908668e-04
1.756436427132456e-03	2.214295e+00	2.055811e+00	1.584843e-04
1.760621694989599e-03	2.176260e+00	2.049772e+00	1.264887e-04
1.764806962846742e-03	2.138227e+00	2.043347e+00	9.488014e-05
1.768713212846742e-03	2.102730e+00	2.036247e+00	6.648387e-05
1.770666337846742e-03	2.084981e+00	2.032244e+00	5.273719e-05
1.772619462846742e-03	2.067230e+00	2.027810e+00	3.942043e-05
1.774572587846742e-03	2.049475e+00	2.022756e+00	2.671886e-05
1.776525712846742e-03	2.031710e+00	2.016684e+00	1.502621e-05
1.778478837846742e-03	2.013913e+00	2.008747e+00	5.166311e-06
1.779861899483852e-03	2.001265e+00	2.000276e+00	9.889819e-07
1.781511075604431e-03	1.986184e+00	1.986563e+00	-3.787881e-07
1.782113559548941e-03	1.980722e+00	1.981108e+00	-3.857861e-07
1.782550244738268e-03	1.976763e+00	1.977155e+00	-3.919821e-07
1.782911211828400e-03	1.973462e+00	1.973854e+00	-3.916525e-07
1.783114020486390e-03	1.971617e+00	1.972005e+00	-3.872433e-07
1.783775751420259e-03	1.965612e+00	1.966005e+00	-3.922612e-07
1.805649277070816e-03	1.766763e+00	1.767161e+00	-3.977185e-07
1.827522802721374e-03	1.567917e+00	1.568322e+00	-4.052094e-07
1.849396328371932e-03	1.369073e+00	1.369488e+00	-4.147339e-07
1.871269854022490e-03	1.170231e+00	1.170657e+00	-4.262921e-07
1.893143379673047e-03	9.713917e-01	9.718316e-01	-4.398839e-07
1.915016905323605e-03	7.725548e-01	7.730103e-01	-4.555094e-07
1.936890430974163e-03	5.737203e-01	5.741935e-01	-4.731685e-07
1.945260966688448e-03	4.976279e-01	4.981087e-01	-4.808320e-07
1.953631502402733e-03	4.215430e-01	4.220334e-01	-4.904573e-07
1.962002038117018e-03	3.454656e-01	3.459676e-01	-5.020444e-07
1.970372573831303e-03	2.693957e-01	2.699113e-01	-5.155934e-07
1.978743109545588e-03	1.933333e-01	1.938644e-01	-5.311042e-07
1.987113645259873e-03	1.172784e-01	1.178270e-01	-5.485769e-07
1.995484180974158e-03	4.123101e-02	4.179902e-02	-5.680114e-07
1.998780861948314e-03	1.129333e-02	1.187085e-02	-5.775153e-07
2.000000000000000e-03	2.236962e-04	8.049443e-04	-5.812481e-07
