#time	V(in1)	V(in2)	I(R3)
0.000000000000000e+00	-3.091096e+00	-3.091093e+00	-2.479564e-09
3.864342304927354e-09	-3.091096e+00	-3.091093e+00	-2.631636e-09
7.728684609854709e-09	-3.091096e+00	-3.091093e+00	-2.726023e-09
1.159302691478206e-08	-3.091097e+00	-3.091094e+00	-2.762725e-09
1.545736921970942e-08	-3.091097e+00	-3.091094e+00	-2.741740e-09
1.932171152463677e-08	-3.091097e+00	-3.091094e+00	-2.663070e-09
2.318605382956412e-08	-3.091097e+00	-3.091095e+00	-2.526714e-09
2.705039613449147e-08	-3.091098e+00	-3.091095e+00	-2.332672e-09
6.023848871212872e-08	-3.091020e+00	-3.091024e+00	4.250103e-09
9.342658128976597e-08	-3.090883e+00	-3.090893e+00	1.023496e-08
1.266146738674032e-07	-3.090685e+00	-3.090701e+00	1.562189e-08
1.598027664450405e-07	-3.090429e+00	-3.090449e+00	2.041090e-08
1.929908590226777e-07	-3.090112e+00	-3.090137e+00	2.460199e-08
2.261789516003150e-07	-3.089736e+00	-3.089764e+00	2.819516e-08
2.593670441779521e-07	-3.089299e+00	-3.089331e+00	3.119040e-08
3.448747814737283e-07	-3.088128e+00	-3.088165e+00	3.616599e-08
5.174225496918667e-07	-3.085500e+00	-3.085539e+00	3.907227e-08
9.248212598734408e-07	-3.079270e+00	-3.079308e+00	3.759680e-08
1.698720115248341e-06	-3.067801e+00	-3.067838e+00	3.720682e-08
2.472618970623241e-06	-3.056370e+00	-3.056407e+00	3.689902e-08
3.246517825998140e-06	-3.044978e+00	-3.045015e+00	3.667338e-08
4.020416681373040e-06	-3.033625e+00	-3.033662e+00	3.652990e-08
4.794315536747940e-06	-3.022312e+00	-3.022348e+00	3.646859e-08
5.568214392122840e-06	-3.011037e+00	-3.011073e+00	3.648944e-08
6.342113247497738e-06	-2.999801e+00	-2.999837e+00	3.659246e-08
3.196376263448921e-05	-2.627105e+00	-2.627142e+00	3.722377e-08
5.758541202148069e-05	-2.254435e+00	-2.254473e+00	3.848428e-08
8.320706140847216e-05	-1.881791e+00	-1.881832e+00	4.037400e-08
1.088287107954636e-04	-1.509174e+00	-1.509216e+00	4.289292e-08
1.344503601824551e-04	-1.136582e+00	-1.136628e+00	4.604106e-08
1.600720095694466e-04	-7.640167e-01	-7.640666e-01	4.981839e-08
1.856936589564380e-04	-3.914776e-01	-3.915318e-01	5.422494e-08
1.994122639979419e-04	-1.922599e-01	-1.923187e-01	5.886139e-08
1.994237080897388e-04	-1.920830e-01	-1.921454e-01	6.244712e-08
1.994389668788013e-04	-1.918409e-01	-1.919053e-01	6.432939e-08
1.995041005546880e-04	-1.908474e-01	-1.909087e-01	6.135862e-08
1.995692342305746e-04	-1.898852e-01	-1.899440e-01	5.878370e-08
1.996343679064613e-04	-1.889543e-01	-1.890109e-01	5.660463e-08
1.996995015823480e-04	-1.880548e-01	-1.881096e-01	5.482142e-08
1.997646352582346e-04	-1.871866e-01	-1.872401e-01	5.343405e-08
1.998297689341213e-04	-1.863498e-01	-1.864022e-01	5.244254e-08
1.998949026100079e-04	-1.855443e-01	-1.855961e-01	5.184687e-08
2.001802898943946e-04	-1.817127e-01	-1.817699e-01	5.715813e-08
2.005190710503041e-04	-1.767200e-01	-1.767819e-01	6.187074e-08
2.011285319229746e-04	-1.677183e-01	-1.677772e-01	5.892915e-08
2.018124419539006e-04	-1.577790e-01	-1.578387e-01	5.968826e-08
2.024963519848266e-04	-1.478297e-01	-1.478901e-01	6.035833e-08
2.031802620157526e-04	-1.378705e-01	-1.379314e-01	6.093934e-08
2.038641720466787e-04	-1.279012e-01	-1.279626e-01	6.143130e-08
2.045480820776047e-04	-1.179219e-01	-1.179838e-01	6.183422e-08
2.052319921085307e-04	-1.079327e-01	-1.079948e-01	6.214808e-08
2.059159021394567e-04	-9.793339e-02	-9.799577e-02	6.237289e-08
2.078621165687427e-04	-6.953824e-02	-6.960146e-02	6.321816e-08
2.098083309980286e-04	-4.115344e-02	-4.121806e-02	6.461938e-08
2.117545454273146e-04	-1.277900e-02	-1.284557e-02	6.657656e-08
2.137007598566006e-04	1.558510e-02	1.551601e-02	6.908969e-08
2.156469742858866e-04	4.393884e-02	4.386668e-02	7.215877e-08
2.175931887151726e-04	7.228223e-02	7.220645e-02	7.578381e-08
2.195394031444586e-04	1.006153e-01	1.005353e-01	7.996480e-08
2.214925281444586e-04	1.290494e-01	1.289625e-01	8.691386e-08
2.234456531444586e-04	1.574796e-01	1.573821e-01	9.752574e-08
2.253987781444586e-04	1.859069e-01	1.857922e-01	1.146931e-07
2.273519031444586e-04	2.143312e-01	2.141873e-01	1.439453e-07
2.293050281444586e-04	2.427528e-01	2.425567e-01	1.960591e-07
2.312581531444586e-04	2.711708e-01	2.708780e-01	2.927894e-07
2.332112781444586e-04	2.995841e-01	2.991062e-01	4.778586e-07
2.351644031444586e-04	3.279898e-01	3.271523e-01	8.374922e-07
2.371175281444586e-04	3.563834e-01	3.548470e-01	1.536372e-06
2.390706531444586e-04	3.847584e-01	3.818889e-01	2.869562e-06
2.410237781444586e-04	4.131100e-01	4.078006e-01	5.309435e-06
2.429769031444586e-04	4.414414e-01	4.319537e-01	9.487710e-06
2.449300281444586e-04	4.697686e-01	4.537178e-01	1.605081e-05
2.468831531444586e-04	4.981143e-01	4.726849e-01	2.542943e-05
2.488362781444586e-04	5.264919e-01	4.888046e-01	3.768727e-05
2.507894031444586e-04	5.549002e-01	5.023382e-01	5.256207e-05
2.527425281444586e-04	5.833293e-01	5.136990e-01	6.963033e-05
2.546956531444586e-04	6.117691e-01	5.233121e-01	8.845702e-05
2.566487781444586e-04	6.402127e-01	5.315428e-01	1.086698e-04
2.586019031444586e-04	6.686560e-01	5.386807e-01	1.299753e-04
2.625081531444586e-04	7.255360e-01	5.505118e-01	1.750243e-04
2.683675281444586e-04	8.108355e-01	5.641319e-01	2.467037e-04
2.739478852873158e-04	8.920487e-01	5.734024e-01	3.186462e-04
2.795282424301729e-04	9.732558e-01	5.817423e-01	3.915134e-04
2.851085995730301e-04	1.054457e+00	5.891515e-01	4.653054e-04
2.906889567158872e-04	1.135652e+00	5.956299e-01	5.400221e-04
2.962693138587443e-04	1.216841e+00	6.011776e-01	6.156636e-04
3.018496710016015e-04	1.298024e+00	6.057945e-01	6.922298e-04
3.074300281444586e-04	1.379202e+00	6.094808e-01	7.697208e-04
3.280773495730301e-04	1.679552e+00	6.209410e-01	1.058611e-03
3.487246710016015e-04	1.979898e+00	6.311367e-01	1.348761e-03
3.693719924301730e-04	2.280239e+00	6.400677e-01	1.640172e-03
3.900193138587445e-04	2.580577e+00	6.477341e-01	1.932843e-03
4.106666352873159e-04	2.880910e+00	6.541360e-01	2.226774e-03
4.313139567158873e-04	3.181240e+00	6.592732e-01	2.521967e-03
4.519612781444588e-04	3.481565e+00	6.631458e-01	2.818419e-03
5.000000000000000e-04	4.180317e+00	6.726469e-01	3.507670e-03
5.000042969257704e-04	4.180380e+00	6.726477e-01	3.507732e-03
5.000128907773113e-04	4.180506e+00	6.726493e-01	3.507857e-03
5.000376744529417e-04	4.180826e+00	6.726533e-01	3.508173e-03
5.000624581285720e-04	4.181045e+00	6.726559e-01	3.508389e-03
5.000872418042024e-04	4.181163e+00	6.726574e-01	3.508506e-03
5.001120254798327e-04	4.181180e+00	6.726576e-01	3.508522e-03
5.001368091554631e-04	4.181095e+00	6.726566e-01	3.508439e-03
5.001615928310934e-04	4.180910e+00	6.726544e-01	3.508256e-03
5.001863765067238e-04	4.180624e+00	6.726509e-01	3.507972e-03
5.002431932459294e-04	4.179845e+00	6.726413e-01	3.507204e-03
5.002992189067243e-04	4.178837e+00	6.726288e-01	3.506208e-03
5.004815570909143e-04	4.175191e+00	6.725837e-01	3.502607e-03
5.006188551547343e-04	4.172852e+00	6.725548e-01	3.500297e-03
5.008146716979303e-04	4.170089e+00	6.725206e-01	3.497568e-03
5.010771708713187e-04	4.166432e+00	6.724752e-01	3.493957e-03
5.262121690852740e-04	3.800817e+00	6.685370e-01	3.132281e-03
5.513471672992293e-04	3.435210e+00	6.633913e-01	2.771819e-03
5.764821655131846e-04	3.069610e+00	6.570382e-01	2.412572e-03
6.016171637271398e-04	2.704016e+00	6.494776e-01	2.054539e-03
6.267521619410951e-04	2.338430e+00	6.407097e-01	1.697720e-03
6.518871601550505e-04	1.972850e+00	6.307343e-01	1.342116e-03
6.770221583690057e-04	1.607278e+00	6.195515e-01	9.877263e-04
6.839976047975771e-04	1.505824e+00	6.158969e-01	8.899266e-04
6.909730512261486e-04	1.404375e+00	6.113277e-01	7.930472e-04
6.979484976547201e-04	1.302932e+00	6.058437e-01	6.970879e-04
7.049239440832915e-04	1.201494e+00	5.994450e-01	6.020489e-04
7.118993905118629e-04	1.100062e+00	5.921317e-01	5.079300e-04
7.188748369404344e-04	9.986350e-01	5.839037e-01	4.147313e-04
7.258502833690058e-04	8.972138e-01	5.747610e-01	3.224528e-04
7.280824262261487e-04	8.647637e-01	5.712920e-01	2.934717e-04
7.303145690832915e-04	8.323169e-01	5.672784e-01	2.650384e-04
7.325467119404344e-04	7.998732e-01	5.627202e-01	2.371530e-04
7.347788547975772e-04	7.674327e-01	5.576174e-01	2.098153e-04
7.370109976547201e-04	7.349955e-01	5.519699e-01	1.830256e-04
7.392431405118629e-04	7.025614e-01	5.457777e-01	1.567836e-04
7.414752833690058e-04	6.701306e-01	5.390410e-01	1.310895e-04
7.434284083690058e-04	6.417567e-01	5.319761e-01	1.097807e-04
7.453815333690058e-04	6.133837e-01	5.238393e-01	8.954440e-05
7.473346583690058e-04	5.850081e-01	5.143456e-01	7.066248e-05
7.492877833690058e-04	5.566237e-01	5.031306e-01	5.349310e-05
7.512409083690058e-04	5.282208e-01	4.897602e-01	3.846061e-05
7.531940333690058e-04	4.997886e-01	4.737952e-01	2.599340e-05
7.551471583690058e-04	4.713227e-01	4.549382e-01	1.638449e-05
7.571002833690058e-04	4.428335e-01	4.332168e-01	9.616746e-06
7.590534083690058e-04	4.143438e-01	4.090515e-01	5.292310e-06
7.610065333690058e-04	3.858728e-01	3.831062e-01	2.766684e-06
7.629596583690058e-04	3.574263e-01	3.560357e-01	1.390548e-06
7.649127833690058e-04	3.289998e-01	3.283266e-01	6.731272e-07
7.668659083690058e-04	3.005866e-01	3.002792e-01	3.074324e-07
7.688190333690058e-04	2.721818e-01	2.720594e-01	1.224466e-07
7.707721583690058e-04	2.437823e-01	2.437535e-01	2.879991e-08
7.727252833690058e-04	2.153865e-01	2.154053e-01	-1.878302e-08
7.746784083690058e-04	1.869940e-01	1.870371e-01	-4.309242e-08
7.766315333690058e-04	1.586045e-01	1.586601e-01	-5.563867e-08
7.785846583690058e-04	1.302184e-01	1.302805e-01	-6.213525e-08
7.807640501584041e-04	9.854273e-02	9.860743e-02	-6.470003e-08
7.829434419478023e-04	6.687921e-02	6.694578e-02	-6.656775e-08
7.851228337372006e-04	3.522786e-02	3.529560e-02	-6.773840e-08
7.873022255265987e-04	3.588670e-03	3.656883e-03	-6.821199e-08
7.894816173159970e-04	-2.803836e-02	-2.797037e-02	-6.798851e-08
7.916610091053952e-04	-5.965323e-02	-5.958616e-02	-6.706796e-08
7.938404008947935e-04	-9.125593e-02	-9.119048e-02	-6.545035e-08
7.998104021154966e-04	-1.778670e-01	-1.778040e-01	-6.296273e-08
7.998199388586606e-04	-1.779978e-01	-1.779385e-01	-5.926031e-08
7.998266145788754e-04	-1.780692e-01	-1.780201e-01	-4.911477e-08
7.998380586706724e-04	-1.781857e-01	-1.781400e-01	-4.564965e-08
7.998533174597348e-04	-1.783474e-01	-1.783003e-01	-4.713509e-08
7.999312768039242e-04	-1.794010e-01	-1.793353e-01	-6.567637e-08
8.000009307303884e-04	-1.805632e-01	-1.804878e-01	-7.537898e-08
8.000685590739805e-04	-1.817780e-01	-1.816981e-01	-7.985167e-08
8.001493821145848e-04	-1.832681e-01	-1.831884e-01	-7.968362e-08
8.003063964341250e-04	-1.859629e-01	-1.858941e-01	-6.881184e-08
8.003863988650892e-04	-1.871496e-01	-1.870875e-01	-6.214994e-08
8.004966082181061e-04	-1.886214e-01	-1.885656e-01	-5.572407e-08
8.005851784333422e-04	-1.897352e-01	-1.896811e-01	-5.408251e-08
8.007711522012885e-04	-1.921557e-01	-1.920956e-01	-6.011191e-08
8.008802819905030e-04	-1.937403e-01	-1.936756e-01	-6.465270e-08
8.010379092366255e-04	-1.961657e-01	-1.960977e-01	-6.797232e-08
8.012617865659371e-04	-1.996138e-01	-1.995491e-01	-6.467791e-08
8.015550716523879e-04	-2.037960e-01	-2.037353e-01	-6.062911e-08
8.020329074179217e-04	-2.107161e-01	-2.106518e-01	-6.433606e-08
8.023644995728690e-04	-2.155541e-01	-2.154906e-01	-6.346629e-08
8.026960917278163e-04	-2.203895e-01	-2.203268e-01	-6.278423e-08
8.030276838827637e-04	-2.252225e-01	-2.251602e-01	-6.228990e-08
8.033592760377109e-04	-2.300530e-01	-2.299910e-01	-6.198329e-08
8.036908681926583e-04	-2.348809e-01	-2.348190e-01	-6.186441e-08
8.040224603476056e-04	-2.397063e-01	-2.396444e-01	-6.193325e-08
8.043540525025529e-04	-2.445293e-01	-2.444671e-01	-6.218981e-08
8.271563774503569e-04	-5.762376e-01	-5.761803e-01	-5.728993e-08
8.499587023981607e-04	-9.079339e-01	-9.078808e-01	-5.310387e-08
8.727610273459647e-04	-1.239618e+00	-1.239569e+00	-4.963164e-08
8.955633522937686e-04	-1.571290e+00	-1.571244e+00	-4.687323e-08
9.183656772415725e-04	-1.902951e+00	-1.902906e+00	-4.482864e-08
9.411680021893764e-04	-2.234599e+00	-2.234556e+00	-4.349787e-08
9.639703271371803e-04	-2.566235e+00	-2.566193e+00	-4.288092e-08
9.684346128514660e-04	-2.631180e+00	-2.631138e+00	-4.267608e-08
9.728988985657517e-04	-2.696117e+00	-2.696075e+00	-4.246545e-08
9.773631842800374e-04	-2.761046e+00	-2.761003e+00	-4.224904e-08
9.818274699943232e-04	-2.825966e+00	-2.825924e+00	-4.202685e-08
9.862917557086088e-04	-2.890879e+00	-2.890837e+00	-4.179888e-08
9.907560414228946e-04	-2.955784e+00	-2.955742e+00	-4.156512e-08
9.952203271371802e-04	-3.020680e+00	-3.020639e+00	-4.132559e-08
9.982531542743604e-04	-3.064503e+00	-3.064462e+00	-4.074031e-08
9.985027036637374e-04	-3.068084e+00	-3.068043e+00	-4.065432e-08
9.987522530531146e-04	-3.071653e+00	-3.071612e+00	-4.055467e-08
9.990018024424916e-04	-3.075210e+00	-3.075169e+00	-4.044138e-08
9.992513518318688e-04	-3.078754e+00	-3.078714e+00	-4.031444e-08
9.995009012212458e-04	-3.082287e+00	-3.082247e+00	-4.017385e-08
9.997504506106230e-04	-3.085808e+00	-3.085768e+00	-4.001961e-08
1.000000000000000e-03	-3.089318e+00	-3.089278e+00	-3.985172e-08
1.000005907236251e-03	-3.089401e+00	-3.089360e+00	-3.986910e-08
1.000018390084182e-03	-3.089578e+00	-3.089538e+00	-4.057793e-08
1.000034205621977e-03	-3.089792e+00	-3.089755e+00	-3.717950e-08
1.000080432135298e-03	-3.090189e+00	-3.090171e+00	-1.868139e-08
1.000113492218313e-03	-3.090277e+00	-3.090270e+00	-6.982835e-09
1.000162997145217e-03	-3.090182e+00	-3.090190e+00	7.769636e-09
1.000213873664018e-03	-3.089850e+00	-3.089870e+00	1.945670e-08
1.000276895774754e-03	-3.089190e+00	-3.089220e+00	2.951595e-08
1.000337751080285e-03	-3.088383e+00	-3.088418e+00	3.551549e-08
1.000408384097808e-03	-3.087320e+00	-3.087359e+00	3.907869e-08
1.000567987510949e-03	-3.084771e+00	-3.084811e+00	4.028922e-08
1.001014097294298e-03	-3.077927e+00	-3.077965e+00	3.738591e-08
1.001812574940818e-03	-3.066107e+00	-3.066144e+00	3.707748e-08
1.002611052587339e-03	-3.054326e+00	-3.054363e+00	3.683420e-08
1.003409530233859e-03	-3.042583e+00	-3.042619e+00	3.665605e-08
1.004208007880379e-03	-3.030878e+00	-3.030915e+00	3.654306e-08
1.005006485526900e-03	-3.019212e+00	-3.019249e+00	3.649520e-08
1.005804963173420e-03	-3.007584e+00	-3.007621e+00	3.651249e-08
1.006603440819940e-03	-2.995995e+00	-2.996032e+00	3.659493e-08
1.032189765041878e-03	-2.623815e+00	-2.623852e+00	3.723088e-08
1.057776089263816e-03	-2.251661e+00	-2.251699e+00	3.849455e-08
1.083362413485753e-03	-1.879532e+00	-1.879572e+00	4.038594e-08
1.108948737707691e-03	-1.507429e+00	-1.507472e+00	4.290505e-08
1.134535061929628e-03	-1.135351e+00	-1.135397e+00	4.605188e-08
1.160121386151566e-03	-7.632995e-01	-7.633493e-01	4.982643e-08
1.185707710373504e-03	-3.912733e-01	-3.913276e-01	5.422871e-08
1.199379585373504e-03	-1.927332e-01	-1.927919e-01	5.866884e-08
1.199471138107879e-03	-1.913348e-01	-1.913999e-01	6.515057e-08
1.199547063305669e-03	-1.902274e-01	-1.902877e-01	6.029041e-08
1.199622988503460e-03	-1.891467e-01	-1.892032e-01	5.648732e-08
1.199698913701250e-03	-1.880928e-01	-1.881465e-01	5.374131e-08
1.199774838899041e-03	-1.870656e-01	-1.871176e-01	5.205236e-08
1.199850764096831e-03	-1.860651e-01	-1.861165e-01	5.142048e-08
1.199926689294621e-03	-1.850914e-01	-1.851432e-01	5.184567e-08
1.200002614492412e-03	-1.841444e-01	-1.841977e-01	5.332793e-08
1.200141046227552e-03	-1.822610e-01	-1.823173e-01	5.633087e-08
1.200522420107724e-03	-1.766673e-01	-1.767290e-01	6.171933e-08
1.201139740327858e-03	-1.675562e-01	-1.676151e-01	5.890219e-08
1.202101005818456e-03	-1.535701e-01	-1.536299e-01	5.983301e-08
1.203062271309054e-03	-1.395738e-01	-1.396344e-01	6.067970e-08
1.204023536799652e-03	-1.255672e-01	-1.256287e-01	6.144226e-08
1.204984802290250e-03	-1.115505e-01	-1.116126e-01	6.212070e-08
1.205946067780847e-03	-9.752357e-02	-9.758629e-02	6.271500e-08
1.206907333271445e-03	-8.348646e-02	-8.354969e-02	6.322519e-08
1.207868598762043e-03	-6.943916e-02	-6.950281e-02	6.365124e-08
1.209821723762043e-03	-4.095826e-02	-4.102268e-02	6.442073e-08
1.211774848762043e-03	-1.248593e-02	-1.255198e-02	6.605139e-08
1.213727973762043e-03	1.597785e-02	1.590931e-02	6.854322e-08
1.215681098762043e-03	4.443306e-02	4.436117e-02	7.189621e-08
1.217634223762043e-03	7.287971e-02	7.280360e-02	7.611036e-08
1.219587348762043e-03	1.013178e-01	1.012366e-01	8.118568e-08
1.221540473762043e-03	1.297473e-01	1.296602e-01	8.712217e-08
1.223493598762043e-03	1.581775e-01	1.580797e-01	9.785268e-08
1.225446723762043e-03	1.866047e-01	1.864895e-01	1.152363e-07
1.227399848762043e-03	2.150290e-01	2.148841e-01	1.448904e-07
1.229352973762043e-03	2.434504e-01	2.432527e-01	1.977769e-07
1.231306098762043e-03	2.718684e-01	2.715724e-01	2.960301e-07
1.233259223762043e-03	3.002815e-01	2.997974e-01	4.841186e-07
1.235212348762043e-03	3.286870e-01	3.278373e-01	8.496803e-07
1.237165473762043e-03	3.570802e-01	3.555202e-01	1.559937e-06
1.239118598762043e-03	3.854547e-01	3.825408e-01	2.913874e-06
1.241071723762043e-03	4.138057e-01	4.084173e-01	5.388401e-06
1.243024848762043e-03	4.421367e-01	4.325188e-01	9.617884e-06
1.244977973762043e-03	4.704642e-01	4.542179e-01	1.624628e-05
1.246931098762043e-03	4.988105e-01	4.731141e-01	2.569639e-05
1.248884223762043e-03	5.271890e-01	4.891663e-01	3.802264e-05
1.250837348762043e-03	5.555979e-01	5.026412e-01	5.295666e-05
1.252790473762043e-03	5.840273e-01	5.139542e-01	7.007312e-05
1.254743598762043e-03	6.124673e-01	5.235294e-01	8.893796e-05
1.256696723762043e-03	6.409109e-01	5.317301e-01	1.091807e-04
1.258649848762043e-03	6.693542e-01	5.388442e-01	1.305100e-04
1.262556098762043e-03	7.262341e-01	5.506407e-01	1.755934e-04
1.268415473762043e-03	8.115335e-01	5.642285e-01	2.473050e-04
1.273995830904900e-03	8.927465e-01	5.734830e-01	3.192635e-04
1.279576188047757e-03	9.739535e-01	5.818092e-01	3.921443e-04
1.285156545190614e-03	1.055155e+00	5.892070e-01	4.659475e-04
1.290736902333472e-03	1.136350e+00	5.956766e-01	5.406730e-04
1.296317259476329e-03	1.217539e+00	6.012178e-01	6.163208e-04
1.301897616619186e-03	1.298722e+00	6.058308e-01	6.928910e-04
1.307477973762043e-03	1.379899e+00	6.095154e-01	7.703836e-04
1.328125295190614e-03	1.680249e+00	6.209688e-01	1.059280e-03
1.348772616619186e-03	1.980595e+00	6.311587e-01	1.349436e-03
1.369419938047757e-03	2.280937e+00	6.400851e-01	1.640852e-03
1.390067259476329e-03	2.581274e+00	6.477481e-01	1.933526e-03
1.410714580904900e-03	2.881608e+00	6.541476e-01	2.227460e-03
1.431361902333472e-03	3.181937e+00	6.592837e-01	2.522654e-03
1.452009223762043e-03	3.482262e+00	6.631563e-01	2.819106e-03
1.500000000000002e-03	4.180317e+00	6.726469e-01	3.507670e-03
1.500004296914698e-03	4.180380e+00	6.726477e-01	3.507732e-03
1.500012890744091e-03	4.180506e+00	6.726493e-01	3.507857e-03
1.500033353586626e-03	4.180781e+00	6.726527e-01	3.508129e-03
1.500053816429162e-03	4.180984e+00	6.726552e-01	3.508329e-03
1.500074279271697e-03	4.181113e+00	6.726568e-01	3.508456e-03
1.500094742114232e-03	4.181169e+00	6.726575e-01	3.508511e-03
1.500115204956767e-03	4.181151e+00	6.726573e-01	3.508494e-03
1.500135667799302e-03	4.181060e+00	6.726562e-01	3.508404e-03
1.500156130641837e-03	4.180896e+00	6.726542e-01	3.508242e-03
1.500216417027242e-03	4.180249e+00	6.726462e-01	3.507603e-03
1.500272715440003e-03	4.179339e+00	6.726350e-01	3.506704e-03
1.500511086194447e-03	4.174648e+00	6.725770e-01	3.502071e-03
1.500576920653154e-03	4.173524e+00	6.725631e-01	3.500961e-03
1.500727708509738e-03	4.171269e+00	6.725352e-01	3.498734e-03
1.500859541718006e-03	4.169455e+00	6.725127e-01	3.496942e-03
1.500991374926274e-03	4.167616e+00	6.724899e-01	3.495125e-03
1.501123208134542e-03	4.165752e+00	6.724668e-01	3.493285e-03
1.501255041342810e-03	4.163863e+00	6.724434e-01	3.491420e-03
1.501386874551079e-03	4.161950e+00	6.724197e-01	3.489531e-03
1.501518707759347e-03	4.160013e+00	6.723956e-01	3.487617e-03
1.501650540967615e-03	4.158050e+00	6.723713e-01	3.485679e-03
1.538113127468607e-03	3.627699e+00	6.652933e-01	2.962406e-03
1.559597502468607e-03	3.315200e+00	6.614095e-01	2.653791e-03
1.581081877468607e-03	3.002706e+00	6.563024e-01	2.346403e-03
1.602566252468607e-03	2.690215e+00	6.499718e-01	2.040243e-03
1.624050627468607e-03	2.377728e+00	6.424178e-01	1.735310e-03
1.645535002468607e-03	2.065245e+00	6.336404e-01	1.431605e-03
1.667019377468607e-03	1.752766e+00	6.236395e-01	1.129127e-03
1.688503752468607e-03	1.440292e+00	6.124153e-01	8.278763e-04
1.694363127468607e-03	1.355073e+00	6.087707e-01	7.463020e-04
1.700222502468607e-03	1.269859e+00	6.042497e-01	6.656096e-04
1.706081877468607e-03	1.184652e+00	5.988523e-01	5.857992e-04
1.711941252468607e-03	1.099449e+00	5.925786e-01	5.068707e-04
1.717800627468607e-03	1.014253e+00	5.854286e-01	4.288242e-04
1.723660002468607e-03	9.290619e-01	5.774022e-01	3.516596e-04
1.729519377468607e-03	8.438765e-01	5.684994e-01	2.753770e-04
1.735378752468607e-03	7.587141e-01	5.562935e-01	2.024206e-04
1.739285002468607e-03	7.019525e-01	5.459554e-01	1.559971e-04
1.741238127468607e-03	6.735759e-01	5.398369e-01	1.337390e-04
1.743191252468607e-03	6.452019e-01	5.328862e-01	1.123157e-04
1.745144377468607e-03	6.168289e-01	5.248933e-01	9.193563e-05
1.747097502468607e-03	5.884539e-01	5.155821e-01	7.287171e-05
1.749050627468607e-03	5.600710e-01	5.045982e-01	5.547277e-05
1.751003752468607e-03	5.316709e-01	4.915138e-01	4.015706e-05
1.752956877468607e-03	5.032427e-01	4.758844e-01	2.735833e-05
1.754910002468607e-03	4.747807e-01	4.573851e-01	1.739569e-05
1.756863127468607e-03	4.462933e-01	4.359963e-01	1.029703e-05
1.758816252468607e-03	4.178024e-01	4.120948e-01	5.707610e-06
1.760769377468607e-03	3.893286e-01	3.863283e-01	3.000219e-06
1.762722502468607e-03	3.608792e-01	3.593646e-01	1.514558e-06
1.764675627468607e-03	3.324506e-01	3.317137e-01	7.368700e-07
1.766628752468607e-03	3.040361e-01	3.036964e-01	3.397406e-07
1.768581877468607e-03	2.756305e-01	2.754917e-01	1.387808e-07
1.770535002468607e-03	2.472304e-01	2.471934e-01	3.708356e-08
1.772488127468607e-03	2.188343e-01	2.188489e-01	-1.456548e-08
1.774441252468607e-03	1.904413e-01	1.904823e-01	-4.092868e-08
1.776394377468607e-03	1.620515e-01	1.621060e-01	-5.451612e-08
1.778347502468607e-03	1.336650e-01	1.337265e-01	-6.155775e-08
1.782253752468607e-03	7.690448e-02	7.697131e-02	-6.682765e-08
1.784485895325750e-03	4.448316e-02	4.455023e-02	-6.706172e-08
1.786718038182893e-03	1.207289e-02	1.213999e-02	-6.709068e-08
1.788950181040035e-03	-2.032633e-02	-2.025942e-02	-6.691452e-08
1.791182323897178e-03	-5.271451e-02	-5.264798e-02	-6.653324e-08
1.793414466754321e-03	-8.509165e-02	-8.502570e-02	-6.594685e-08
1.795646609611464e-03	-1.174577e-01	-1.173926e-01	-6.515535e-08
1.797878752468607e-03	-1.498128e-01	-1.497486e-01	-6.415873e-08
1.799832354305765e-03	-1.781972e-01	-1.781352e-01	-6.203146e-08
1.799835215328714e-03	-1.782267e-01	-1.781720e-01	-5.465047e-08
1.799839030025980e-03	-1.782655e-01	-1.782158e-01	-4.973878e-08
1.799846659420511e-03	-1.783425e-01	-1.782965e-01	-4.603126e-08
1.799860447774699e-03	-1.784841e-01	-1.784385e-01	-4.561282e-08
1.799927879792872e-03	-1.793376e-01	-1.792759e-01	-6.169955e-08
1.799984869056757e-03	-1.802442e-01	-1.801728e-01	-7.134601e-08
1.800059611095291e-03	-1.815507e-01	-1.814721e-01	-7.853847e-08
1.800131913539217e-03	-1.828766e-01	-1.827962e-01	-8.034095e-08
1.800213757000505e-03	-1.843654e-01	-1.842879e-01	-7.749018e-08
1.800290266349480e-03	-1.856757e-01	-1.856038e-01	-7.182146e-08
1.800372533979917e-03	-1.869539e-01	-1.868893e-01	-6.462388e-08
1.800461836230663e-03	-1.882039e-01	-1.881460e-01	-5.791756e-08
1.800534762469841e-03	-1.891430e-01	-1.890883e-01	-5.467280e-08
1.800613780248341e-03	-1.901254e-01	-1.900712e-01	-5.420025e-08
1.800805242122018e-03	-1.926450e-01	-1.925840e-01	-6.094747e-08
1.800925392990712e-03	-1.944114e-01	-1.943457e-01	-6.579325e-08
1.801048282838147e-03	-1.963122e-01	-1.962440e-01	-6.815511e-08
1.801261983585751e-03	-1.996101e-01	-1.995452e-01	-6.492376e-08
1.801551196288385e-03	-2.037462e-01	-2.036855e-01	-6.060995e-08
1.802009602190901e-03	-2.103669e-01	-2.103026e-01	-6.429845e-08
1.802317140696225e-03	-2.148603e-01	-2.147968e-01	-6.348309e-08
1.802624679201548e-03	-2.193496e-01	-2.192868e-01	-6.284182e-08
1.802932217706872e-03	-2.238350e-01	-2.237726e-01	-6.237464e-08
1.803239756212196e-03	-2.283164e-01	-2.282543e-01	-6.208155e-08
1.803547294717520e-03	-2.327938e-01	-2.327318e-01	-6.196254e-08
1.803854833222844e-03	-2.372672e-01	-2.372052e-01	-6.201763e-08
1.804162371728168e-03	-2.417367e-01	-2.416744e-01	-6.224680e-08
1.826176171681879e-03	-5.619780e-01	-5.619206e-01	-5.743874e-08
1.848189971635590e-03	-8.822070e-01	-8.821537e-01	-5.332518e-08
1.870203771589301e-03	-1.202423e+00	-1.202374e+00	-4.990612e-08
1.892217571543012e-03	-1.522627e+00	-1.522580e+00	-4.718157e-08
1.914231371496724e-03	-1.842819e+00	-1.842774e+00	-4.515151e-08
1.936245171450435e-03	-2.162998e+00	-2.162954e+00	-4.381595e-08
1.958258971404146e-03	-2.483165e+00	-2.483122e+00	-4.317489e-08
1.963560310689860e-03	-2.560286e+00	-2.560243e+00	-4.292179e-08
1.968861649975573e-03	-2.637398e+00	-2.637355e+00	-4.266424e-08
1.974162989261287e-03	-2.714501e+00	-2.714459e+00	-4.240223e-08
1.979464328547001e-03	-2.791596e+00	-2.791553e+00	-4.213576e-08
1.984765667832714e-03	-2.868681e+00	-2.868639e+00	-4.186483e-08
1.990067007118428e-03	-2.945758e+00	-2.945716e+00	-4.158945e-08
1.995368346404142e-03	-3.022826e+00	-3.022785e+00	-4.130960e-08
1.998046875000002e-03	-3.061540e+00	-3.061500e+00	-4.079203e-08
1.998303783733366e-03	-3.065233e+00	-3.065192e+00	-4.071869e-08
1.998560692466730e-03	-3.068914e+00	-3.068874e+00	-4.062988e-08
1.998817601200094e-03	-3.072583e+00	-3.072543e+00	-4.052560e-08
1.999074509933458e-03	-3.076241e+00	-3.076201e+00	-4.040585e-08
1.999331418666822e-03	-3.079887e+00	-3.079847e+00	-4.027064e-08
1.999588327400186e-03	-3.083522e+00	-3.083481e+00	-4.011996e-08
1.999845236133550e-03	-3.087144e+00	-3.087104e+00	-3.995381e-08
1.999919489491443e-03	-3.088187e+00	-3.088147e+00	-3.989992e-08
2.000000000000000e-03	-3.089317e+00	-3.089277e+00	-3.984076e-08
